34100000024574
34100000009859
34100000020725
34100000010071
34100000014715
34100000010777
34100000019881
34100000018006
34100000011871
34100000019797
34100000101382
34100000013542
34100000018070
34100000027660
34100000021192
34100000022032
34100000012523
34100000025202
34100000025938
34100000028312
34100000014121
34100000025689
34100000107790
34100000020220
34100000015190
34100000016056
34100000016311
34100000017873
34100000022942
34100000022483
34100000016426
34100000013761
34100000012012
34100000011573
34100000016049
34100000020542
34100000011060
34100000029715
34100000018336
34100000013480
34100000010846
34100000032026
34100000009637
34100000025147
34100000021993
34100000013771
34100000010875
34100000029271
34100000019706
34100000021832
34100000016710
34100000009769
34100000020983
34100000015357
34100000032367
34100000018516
34100000028654
34100000007801
34100000014935
34100000033993
34100000013691
34100000007126
34100000024552
34100000031086
34100000018589
34100000010330
34100000029445
34100000007036
34100000034258
34100000005597
34100000026143
34100000016097
34100000006645
34100000016226
34100000022801
34100000031108
34100000028861
34100000030453
34100000023506
34100000010244
34100000033801
34100000024372
34100000016101
34100000022828
34100000026445
34100000027573
34100000021405
34100000013345
34100000009487
34100000020148
34100000017421
34100000009701
34100000016925
34100000012205
34100000012508
34100000013641
34100000009474
34100000007505
34100000011363
34100000014942
34100000026078
34100000015372
34100000024762
34100000018351
34100000014364
34100000008507
34100000012254
34100000013211
34100000019702
34100000017953
34100000033310
34100000016321
34100000011361
34100000018829
34100000036506
34100000022893
34100000011639
34100000022996
34100000030216
34100000015469
34100000014847
34100000017433
34100000015096
34100000011144
34100000012844
34100000026322
34100000019044
34100000027972
34100000022774
34100000034044
34100000025759
34100000019842
34100000027532
34100000029963
34100000017370
34100000007908
34100000014420
34100000022874
34100000024815
34100000018606
34100000019385
34100000015884
34100000015710
34100000011430
34100000011513
34100000021542
34100000022469
34100000021657
34100000034039
34100000013002
34100000015413
34100000026923
34100000015948
34100000029691
34100000028493
34100000019471
34100000031438
34100000036759
34100000010475
34100000019091
34100000008108
34100000026379
34100000010412
34100000015345
34100000018848
34100000012332
34100000026985
34100000020115
34100000006250
34100000031030
34100000033415
34100000023771
34100000017050
34100000012751
34100000033743
34100000019132
34100000016033
34100000023989
34100000007441
34100000027630
34100000027242
34100000024196
34100000035798
34100000025826
34100000013837
34100000029313
34100000012490
34100000014790
34100000114489
34100000011883
34100000007957
34100000024710
34100000018799
34100000008183
34100000015317
34100000013659
34100000019389
34100000014248
34100000035880
34100000014771
34100000038471
34100000031090
34100000032488
34100000014266
34100000004853
34100000007432
34100000037662
34100000022667
34100000022222
34100000013121
34100000010266
34100000015676
34100000016854
34100000014644
34100000020724
34100000032738
34100000012625
34100000011779
34100000033035
34100000029741
34100000004591
34100000010377
34100000035355
34100000023394
34100000017965
34100000012207
34100000016211
34100000028595
34100000020596
34100000019600
34100000027325
34100000022001
34100000010599
34100000024382
34100000012370
34100000010866
34100000012656
34100000033171
34100000018692
34100000012397
34100000023640
34100000012714
34100000029377
34100000023748
34100000017692
34100000006461
34100000015699
34100000033277
34100000025507
34100000031490
34100000010394
34100000013766
34100000010378
34100000027685
34100000031491
34100000008632
34100000023869
34100000011828
34100000010227
34100000023226
34100000027933
34100000020097
34100000026029
34100000010873
34100000015463
34100000010517
34100000017934
34100000022418
34100000026180
34100000028222
34100000012731
34100000028956
34100000020667
34100000008636
34100000017611
34100000026570
34100000038133
34100000026900
34100000013773
34100000020673
34100000010977
34100000016388
34100000024995
34100000011414
34100000013730
34100000028120
34100000016455
34100000018693
34100000018968
34100000017011
34100000021535
34100000014291
34100000015346
34100000017247
34100000025955
34100000016857
34100000017223
34100000018419
34100000018374
34100000036041
34100000013996
34100000017940
34100000007350
34100000027638
34100000016613
34100000026600
34100000016484
34100000033102
34100000012326
34100000020477
34100000006440
34100000011158
34100000020130
34100000022126
34100000035526
34100000012038
34100000020179
34100000016913
34100000014052
34100000027614
34100000015781
34100000010122
34100000008475
34100000013516
34100000011669
34100000014488
34100000014580
34100000022549
34100000020338
34100000007506
34100000011483
34100000029524
34100000006646
34100000026057
34100000010359
34100000014533
34100000023514
34100000015148
34100000024178
34100000021258
34100000021256
34100000016839
34100000012085
34100000019562
34100000011864
34100000014325
34100000006714
34100000032115
34100000018803
34100000017321
34100000013647
34100000010975
34100000017306
34100000010678
34100000005679
34100000107096
34100000018228
34100000016011
34100000014124
34100000020117
34100000023654
34100000021380
34100000018189
34100000025424
34100000020926
34100000026940
34100000033361
34100000031010
34100000014278
34100000013294
34100000032406
34100000009059
34100000019332
34100000026228
34100000012918
34100000015031
34100000012984
34100000016234
34100000006680
34100000012782
34100000031810
34100000007847
34100000026131
34100000022750
34100000034257
34100000025196
34100000015118
34100000016369
34100000010788
34100000018732
34100000031930
34100000020918
34100000016793
34100000017196
34100000011884
34100000005303
34100000015247
34100000010733
34100000016228
34100000024641
34100000014759
34100000019401
34100000030844
34100000018285
34100000012684
34100000020497
34100000014690
34100000025897
34100000031727
34100000021475
34100000020947
34100000029648
34100000010659
34100000015338
34100000015161
34100000037377
34100000037097
34100000102323
34100000020422
34100000018783
34100000015980
34100000024035
34100000006689
34100000031745
34100000017564
34100000029815
34100000028479
34100000011755
34100000015525
34100000019909
34100000018453
34100000018244
34100000015363
34100000016425
34100000029327
34100000015837
34100000009969
34100000029470
34100000033673
34100000024483
34100000013071
34100000021884
34100000032753
34100000023123
34100000018097
34100000009240
34100000012620
34100000010754
34100000021001
34100000023540
34100000011436
34100000016850
34100000032899
34100000014640
34100000028245
34100000028862
34100000021278
34100000013589
34100000031686
34100000016155
34100000015796
34100000018553
34100000010945
34100000026902
34100000010280
34100000022535
34100000011838
34100000030835
34100000029124
34100000022023
34100000021954
34100000023323
34100000017237
34100000034142
34100000015374
34100000037047
34100000014766
34100000016460
34100000013045
34100000018592
34100000024964
34100000013843
34100000025151
34100000036771
34100000009963
34100000033258
34100000020555
34100000025990
34100000009842
34100000029250
34100000015028
34100000026608
34100000012818
34100000022605
34100000015274
34100000024956
34100000016990
34100000033139
34100000010182
34100000010324
34100000016794
34100000027173
34100000017362
34100000019525
34100000028112
34100000012927
34100000022715
34100000020188
34100000021133
34100000013468
34100000016276
34100000015749
34100000008666
34100000025882
34100000019549
34100000021590
34100000025496
34100000018745
34100000026190
34100000013777
34100000026329
34100000027629
34100000025525
34100000012480
34100000017659
34100000037488
34100000028036
34100000017957
34100000020625
34100000025685
34100000014733
34100000036856
34100000026367
34100000033761
34100000028142
34100000023840
34100000018018
34100000010174
34100000018365
34100000019650
34100000107313
34100000013989
34100000010094
34100000034435
34100000015262
34100000018600
34100000038127
34100000014065
34100000020994
34100000019915
34100000012215
34100000018341
34100000010588
34100000030416
34100000026484
34100000036523
34100000019327
34100000014004
34100000025709
34100000029285
34100000013391
34100000013740
34100000014844
34100000018680
34100000015635
34100000033920
34100000028458
34100000015433
34100000020790
34100000024363
34100000013726
34100000018819
34100000017323
34100000028035
34100000010746
34100000033270
34100000015461
34100000010694
34100000020968
34100000033617
34100000032972
34100000009258
34100000007991
34100000022660
34100000021790
34100000009341
34100000008369
34100000032150
34100000017641
34100000018830
34100000011199
34100000016729
34100000020573
34100000021200
34100000032060
34100000024353
34100000019875
34100000019825
34100000013972
34100000020696
34100000107320
34100000013462
34100000027922
34100000018977
34100000019206
34100000028514
34100000035759
34100000013264
34100000014807
34100000026459
34100000016007
34100000031712
34100000020854
34100000022384
34100000021143
34100000012270
34100000029231
34100000014557
34100000013944
34100000030696
34100000026526
34100000019945
34100000012322
34100000021229
34100000014819
34100000011861
34100000012484
34100000009791
34100000016119
34100000011407
34100000034844
34100000031341
34100000027403
34100000027522
34100000034434
34100000015024
34100000011474
34100000006785
34100000011723
34100000027142
34100000012883
34100000029660
34100000012562
34100000033165
34100000107317
34100000031207
34100000022634
34100000023890
34100000038799
34100000014168
34100000101387
34100000026132
34100000030107
34100000008070
34100000029046
34100000016909
34100000019246
34100000019772
34100000010189
34100000024428
34100000015244
34100000011481
34100000034556
34100000032330
34100000013425
34100000024310
34100000015968
34100000020247
34100000030020
34100000019807
34100000016349
34100000024081
34100000027446
34100000015607
34100000020195
34100000018903
34100000012216
34100000009412
34100000027777
34100000035714
34100000015787
34100000031622
34100000030375
34100000018355
34100000013357
34100000016742
34100000022186
34100000014322
34100000020896
34100000022308
34100000014400
34100000022621
34100000033759
34100000015347
34100000024942
34100000022708
34100000011918
34100000019282
34100000017281
34100000016889
34100000018117
34100000025159
34100000011174
34100000009318
34100000021474
34100000020205
34100000035530
34100000016522
34100000012690
34100000030037
34100000029300
34100000026623
34100000026987
34100000027065
34100000010819
34100000022268
34100000006366
34100000035879
34100000012821
34100000013463
34100000026894
34100000021416
34100000033892
34100000020776
34100000015565
34100000024699
34100000017034
34100000020249
34100000029806
34100000011985
34100000033976
34100000018043
34100000036847
34100000018844
34100000020403
34100000036463
34100000025458
34100000015587
34100000017592
34100000015889
34100000020805
34100000018052
34100000015095
34100000016258
34100000018817
34100000012930
34100000019832
34100000015548
34100000013167
34100000036182
34100000026984
34100000023371
34100000017741
34100000009611
34100000028516
34100000037219
34100000014677
34100000018147
34100000036604
34100000011703
34100000014582
34100000101428
34100000019504
34100000030189
34100000016743
34100000029193
34100000035695
34100000016996
34100000019297
34100000026539
34100000020820
34100000014947
34100000026760
34100000009904
34100000012140
34100000011019
34100000032705
34100000015866
34100000025531
34100000010398
34100000018919
34100000013301
34100000029168
34100000009942
34100000012739
34100000023639
34100000009680
34100000030150
34100000021365
34100000021279
34100000010596
34100000020730
34100000030512
34100000026944
34100000015059
34100000015008
34100000030205
34100000013768
34100000036876
34100000008147
34100000028936
34100000010222
34100000018719
34100000022138
34100000026245
34100000010991
34100000027763
34100000014786
34100000015535
34100000011127
34100000013620
34100000009689
34100000014966
34100000021823
34100000023954
34100000023483
34100000033314
34100000014778
34100000010764
34100000012495
34100000016256
34100000019630
34100000013975
34100000013010
34100000107305
34100000019790
34100000024324
34100000011498
34100000021479
34100000022598
34100000014994
34100000009200
34100000017464
34100000032496
34100000022293
34100000009275
34100000029459
34100000027647
34100000021589
34100000025620
34100000017361
34100000013459
34100000028047
34100000015501
34100000015522
34100000017805
34100000006935
34100000010438
34100000014634
34100000025332
34100000018263
34100000033699
34100000016933
34100000026860
34100000013929
34100000013536
34100000016399
34100000017487
34100000005025
34100000017554
34100000019386
34100000015652
34100000027921
34100000032489
34100000031163
34100000030337
34100000026017
34100000012655
34100000015585
34100000025628
34100000015085
34100000013449
34100000011180
34100000015093
34100000012648
34100000011026
34100000021701
34100000009635
34100000025459
34100000022806
34100000018635
34100000013919
34100000010856
34100000017651
34100000018677
34100000032162
34100000019384
34100000020256
34100000023002
34100000007254
34100000008104
34100000016098
34100000027958
34100000013790
34100000020269
34100000024427
34100000030680
34100000010797
34100000029744
34100000014717
34100000021237
34100000008189
34100000022722
34100000029637
34100000021059
34100000033302
34100000010215
34100000014098
34100000008246
34100000005952
34100000010261
34100000027293
34100000031484
34100000030954
34100000013131
34100000023396
34100000035910
34100000010679
34100000024935
34100000013398
34100000017982
34100000026758
34100000017912
34100000020713
34100000017314
34100000014963
34100000010123
34100000031384
34100000014598
34100000013753
34100000026397
34100000019140
34100000016547
34100000022827
34100000016704
34100000031540
34100000029162
34100000018938
34100000029906
34100000014519
34100000019647
34100000023272
34100000014398
34100000027306
34100000026501
34100000024134
34100000021170
34100000008110
34100000023065
34100000019404
34100000018115
34100000018255
34100000013479
34100000017495
34100000024891
34100000033573
34100000026587
34100000013865
34100000020753
34100000012442
34100000014619
34100000017031
34100000018252
34100000013420
34100000010931
34100000012377
34100000010294
34100000036183
34100000022079
34100000014233
34100000013743
34100000032793
34100000020250
34100000011704
34100000015076
34100000008641
34100000018895
34100000028843
34100000019465
34100000015121
34100000017687
34100000023492
34100000009625
34100000027487
34100000031864
34100000006802
34100000107321
34100000019587
34100000023119
34100000023438
34100000031911
34100000018364
34100000014180
34100000013066
34100000029720
34100000011166
34100000020270
34100000028972
34100000030962
34100000019542
34100000018881
34100000015623
34100000021914
34100000027020
34100000008119
34100000011913
34100000022277
34100000026974
34100000023083
34100000026192
34100000015900
34100000029116
34100000025157
34100000014571
34100000011870
34100000013013
34100000015584
34100000015758
34100000023702
34100000029096
34100000020305
34100000010079
34100000022106
34100000022409
34100000005793
34100000027462
34100000020187
34100000013774
34100000032364
34100000015890
34100000010224
34100000007789
34100000012696
34100000014250
34100000014173
34100000013300
34100000107787
34100000019847
34100000033842
34100000031373
34100000028339
34100000014939
34100000015559
34100000012867
34100000007827
34100000026380
34100000019810
34100000035226
34100000011342
34100000014285
34100000018660
34100000013470
34100000023260
34100000012642
34100000027566
34100000011927
34100000014908
34100000007628
34100000016364
34100000029185
34100000018579
34100000013715
34100000013814
34100000015204
34100000036135
34100000107791
34100000018412
34100000019524
34100000028902
34100000017515
34100000026200
34100000022260
34100000009970
34100000012163
34100000022180
34100000015731
34100000017733
34100000021516
34100000012170
34100000028788
34100000015078
34100000021666
34100000025747
34100000014718
34100000020263
34100000018493
34100000008856
34100000026304
34100000012793
34100000036255
34100000014283
34100000030070
34100000011217
34100000018689
34100000019284
34100000012835
34100000035906
34100000032612
34100000022497
34100000107793
34100000032027
34100000020801
34100000020385
34100000020087
34100000027916
34100000021402
34100000016122
34100000013168
34100000020038
34100000029500
34100000026796
34100000015272
34100000011810
34100000016344
34100000017556
34100000022513
34100000013076
34100000007865
34100000034577
34100000012039
34100000027254
34100000034798
34100000020939
34100000020469
34100000028702
34100000015802
34100000011732
34100000035951
34100000019809
34100000014169
34100000026111
34100000029766
34100000007039
34100000015895
34100000035842
34100000013201
34100000020631
34100000013321
34100000010381
34100000028028
34100000018632
34100000017870
34100000034523
34100000011933
34100000018761
34100000025383
34100000028442
34100000018454
34100000011527
34100000028446
34100000015993
34100000006949
34100000028011
34100000018304
34100000011928
34100000025094
34100000014304
34100000014609
34100000013933
34100000007168
34100000018581
34100000021223
34100000023484
34100000031548
34100000015764
34100000017690
34100000015050
34100000019030
34100000031340
34100000019486
34100000021343
34100000029137
34100000027491
34100000028901
34100000027611
34100000026935
34100000019108
34100000011542
34100000015049
34100000027450
34100000027892
34100000008678
34100000013925
34100000021948
34100000009151
34100000014635
34100000015003
34100000035785
34100000016884
34100000026274
34100000014088
34100000014986
34100000012615
34100000012446
34100000022059
34100000017182
34100000015519
34100000023627
34100000020751
34100000009379
34100000009823
34100000015090
34100000011900
34100000010999
34100000010317
34100000006189
34100000025085
34100000015195
34100000011185
34100000030302
34100000015687
34100000035662
34100000015180
34100000014333
34100000014005
34100000008969
34100000007971
34100000025032
34100000010909
34100000029930
34100000010915
34100000014957
34100000006827
34100000009191
34100000008606
34100000025144
34100000016221
34100000018862
34100000013720
34100000035654
34100000030179
34100000015399
34100000012263
34100000022487
34100000024316
34100000007457
34100000022051
34100000011847
34100000013953
34100000020405
34100000014030
34100000009144
34100000015206
34100000011357
34100000019555
34100000035472
34100000026829
34100000006049
34100000029392
34100000015831
34100000034765
34100000029293
34100000019922
34100000020378
34100000012825
34100000020116
34100000018791
34100000021996
34100000013309
34100000007802
34100000021029
34100000012567
34100000024698
34100000007960
34100000021417
34100000013810
34100000009529
34100000018591
34100000034478
34100000107304
34100000027098
34100000018305
34100000010985
34100000033953
34100000012369
34100000022520
34100000027155
34100000023038
34100000017150
34100000028359
34100000030596
34100000017732
34100000010919
34100000019799
34100000016069
34100000023705
34100000009077
34100000008775
34100000021109
34100000025234
34100000021093
34100000020644
34100000015173
34100000036012
34100000018623
34100000012969
34100000013757
34100000014542
34100000019955
34100000020036
34100000019527
34100000017754
34100000021024
34100000005854
34100000013858
34100000034389
34100000029012
34100000032134
34100000029311
34100000014877
34100000035705
34100000019152
34100000022375
34100000030168
34100000012473
34100000031809
34100000016524
34100000016301
34100000030177
34100000012194
34100000011200
34100000013622
34100000020414
34100000015297
34100000014739
34100000008047
34100000012143
34100000016962
34100000014918
34100000033402
34100000034136
34100000006476
34100000021908
34100000020448
34100000020935
34100000018230
34100000016224
34100000015716
34100000025629
34100000023800
34100000019594
34100000021766
34100000013614
34100000032161
34100000007524
34100000012695
34100000012404
34100000018993
34100000018430
34100000015217
34100000014253
34100000013706
34100000026609
34100000013993
34100000013767
34100000015449
34100000018765
34100000014894
34100000026294
34100000018672
34100000014106
34100000029298
34100000010454
34100000022256
34100000028668
34100000029208
34100000020099
34100000013477
34100000012016
34100000028655
34100000017022
34100000013940
34100000016283
34100000022975
34100000017845
34100000030885
34100000017216
34100000007137
34100000018900
34100000009683
34100000014289
34100000009870
34100000012115
34100000024660
34100000013408
34100000009524
34100000012643
34100000036233
34100000014842
34100000007486
34100000014505
34100000012652
34100000010722
34100000010988
34100000013686
34100000026023
34100000020571
34100000024413
34100000025954
34100000013698
34100000009389
34100000011151
34100000020450
34100000020017
34100000020015
34100000016291
34100000022582
34100000021458
34100000023990
34100000027143
34100000013818
34100000035709
34100000016830
34100000020332
34100000021124
34100000010656
34100000020076
34100000014435
34100000035518
34100000018483
34100000022843
34100000021035
34100000007090
34100000024226
34100000021956
34100000025420
34100000031766
34100000011086
34100000018882
34100000032106
34100000007972
34100000017997
34100000013630
34100000013413
34100000019230
34100000008297
34100000014874
34100000018316
34100000027842
34100000010230
34100000033384
34100000026822
34100000021502
34100000015108
34100000012315
34100000019424
34100000021431
34100000026421
34100000008608
34100000011680
34100000023242
34100000030091
34100000010562
34100000019919
34100000008457
34100000011957
34100000004512
34100000030078
34100000014761
34100000021243
34100000026407
34100000025653
34100000022412
34100000014869
34100000011202
34100000028181
34100000018223
34100000024527
34100000025375
34100000018510
34100000022869
34100000018584
34100000016346
34100000015790
34100000025267
34100000019640
34100000027355
34100000023356
34100000016475
34100000018320
34100000023593
34100000011774
34100000016554
34100000013500
34100000015263
34100000020663
34100000014498
34100000024937
34100000016468
34100000010716
34100000012432
34100000011593
34100000018269
34100000033189
34100000029638
34100000028362
34100000027608
34100000015011
34100000016305
34100000025222
34100000021890
34100000014836
34100000031935
34100000006846
34100000009045
34100000012780
34100000011131
34100000032024
34100000020529
34100000034371
34100000021945
34100000018071
34100000038391
34100000027064
34100000012422
34100000020932
34100000023004
34100000013383
34100000018676
34100000027699
34100000014286
34100000011775
34100000012043
34100000033394
34100000014621
34100000021561
34100000011447
34100000021149
34100000010288
34100000018832
34100000013216
34100000014352
34100000017097
34100000008715
34100000016156
34100000024675
34100000031666
34100000005933
34100000021350
34100000020967
34100000006036
34100000008741
34100000023007
34100000027179
34100000034934
34100000016454
34100000012792
34100000017661
34100000014703
34100000023889
34100000033275
34100000018822
34100000018565
34100000036036
34100000021056
34100000024746
34100000013885
34100000031867
34100000013643
34100000013942
34100000014828
34100000011505
34100000021228
34100000010684
34100000021199
34100000024965
34100000008294
34100000016058
34100000016581
34100000009354
34100000027701
34100000016233
34100000012939
34100000034248
34100000026364
34100000012725
34100000013879
34100000023546
34100000022506
34100000021618
34100000101243
34100000030808
34100000024394
34100000019806
34100000101383
34100000010640
34100000006839
34100000019859
34100000013439
34100000031932
34100000018648
34100000027738
34100000035439
34100000019372
34100000029042
34100000020906
34100000008778
34100000023769
34100000016304
34100000019062
34100000023947
34100000009913
34100000030418
34100000019215
34100000019075
34100000026474
34100000026185
34100000018415
34100000025699
34100000014502
34100000022164
34100000025448
34100000026999
34100000029322
34100000035298
34100000025586
34100000006901
34100000022356
34100000010979
34100000014710
34100000018061
34100000019093
34100000016238
34100000027207
34100000016708
34100000019064
34100000005687
34100000009928
34100000011620
34100000012778
34100000014859
34100000030261
34100000031800
34100000018407
34100000015730
34100000018758
34100000014112
34100000013387
34100000013286
34100000015316
34100000022244
34100000014709
34100000023689
34100000018060
34100000021711
34100000023341
34100000036259
34100000020370
34100000024706
34100000024843
34100000012947
34100000012760
34100000018506
34100000020282
34100000012206
34100000015097
34100000036112
34100000030608
34100000009303
34100000018471
34100000017249
34100000023108
34100000030651
34100000014224
34100000017219
34100000038128
34100000016043
34100000013852
34100000017391
34100000015850
34100000007641
34100000014367
34100000027451
34100000033649
34100000024883
34100000029070
34100000020455
34100000024993
34100000022295
34100000018272
34100000013242
34100000026125
34100000019442
34100000019121
34100000014174
34100000011540
34100000011890
34100000034793
34100000107325
34100000008470
34100000015379
34100000037768
34100000033900
34100000023868
34100000028459
34100000013044
34100000014477
34100000011034
34100000019985
34100000036955
34100000032439
34100000029843
34100000013333
34100000107327
34100000016634
34100000019197
34100000016294
34100000028136
34100000015880
34100000006876
34100000028257
34100000020749
34100000020856
34100000011525
34100000019694
34100000018588
34100000014387
34100000022992
34100000027593
34100000013090
34100000028632
34100000023143
34100000014794
34100000025563
34100000005216
34100000019367
34100000022662
34100000024195
34100000024580
34100000028841
34100000013969
34100000028397
34100000009260
34100000015931
34100000013835
34100000017062
34100000013752
34100000022858
34100000016722
34100000026761
34100000016117
34100000023189
34100000008579
34100000019942
34100000034518
34100000029971
34100000107328
34100000036701
34100000014424
34100000021952
34100000027989
34100000023919
34100000037074
34100000019681
34100000027357
34100000015484
34100000022310
34100000024144
34100000009320
34100000010807
34100000031511
34100000017131
34100000101385
34100000017059
34100000029925
34100000018443
34100000035182
34100000007374
34100000009767
34100000013547
34100000010821
34100000030902
34100000012396
34100000023578
34100000029147
34100000009020
34100000011340
34100000008853
34100000021444
34100000031767
34100000013587
34100000036603
34100000031101
34100000013551
34100000019743
34100000015042
34100000007381
34100000028890
34100000028664
34100000032545
34100000009629
34100000008859
34100000020541
34100000035112
34100000022095
34100000019874
34100000024397
34100000014277
34100000020928
34100000029742
34100000009935
34100000008619
34100000013072
34100000019498
34100000028688
34100000013737
34100000017603
34100000027815
34100000011395
34100000013928
34100000013065
34100000021609
34100000018489
34100000010792
34100000017640
34100000015856
34100000011944
34100000026345
34100000009700
34100000018191
34100000023355
34100000009060
34100000021672
34100000020734
34100000026731
34100000019568
34100000007563
34100000014190
34100000013043
34100000012030
34100000009744
34100000010502
34100000013745
34100000020485
34100000026234
34100000015977
34100000021759
34100000029692
34100000008816
34100000018522
34100000021573
34100000011881
34100000017887
34100000016753
34100000014101
34100000011825
34100000008727
34100000007315
34100000017590
34100000020129
34100000007340
34100000016906
34100000025587
34100000033829
34100000012117
34100000031711
34100000012926
34100000014785
34100000028810
34100000022990
34100000011334
34100000019008
34100000032865
34100000021186
34100000019150
34100000107318
34100000011275
34100000015903
34100000007227
34100000019129
34100000008982
34100000012945
34100000005252
34100000016407
34100000013084
34100000012609
34100000024895
34100000010366
34100000031246
34100000028172
34100000023753
34100000030223
34100000017812
34100000021797
34100000021975
34100000025145
34100000015172
34100000030044
34100000011301
34100000015599
34100000015605
34100000020900
34100000030128
34100000029531
34100000015215
34100000025367
34100000009843
34100000021967
34100000025261
34100000018338
34100000007627
34100000011992
34100000006923
34100000020812
34100000018488
34100000017890
34100000009041
34100000014150
34100000016382
34100000016419
34100000012553
34100000010013
34100000016910
34100000013380
34100000022043
34100000030953
34100000021294
34100000012678
34100000103375
34100000019646
34100000010913
34100000021811
34100000029485
34100000010611
34100000101386
34100000014087
34100000033309
34100000020507
34100000020732
34100000013100
34100000017197
34100000020515
34100000014365
34100000016284
34100000107300
34100000027873
34100000030795
34100000020857
34100000012855
34100000019271
34100000012827
34100000013079
34100000015627
34100000014120
34100000013550
34100000028178
34100000019929
34100000021169
34100000013487