363100012112955
363100012111179
363100012078574
363100012104361
363100012081420
363100012114458
363100012147846
363100012091974
363100012101746
363100012085114
363100012083312
363100012143364
363100012102238
363100012104987
363100012147784
363100012122297
363100012143212
363100012132638
363100012095895
363100012117113
363100012105478
363100012085870
363100012080046
363100012063704
363100012099337
363100012093385
363100012136887
363100012110083
363100012118742
363100012095568
363100012146243
363100012083338
363100012110296
363100012119773
363100012087676
363100012115416
363100012129346
363100012062338
363100012084809
363100012122452
363100012082919
363100012094801
363100012083791
363100012093718
363100012096483
363100012062311
363100012072071
363100012121950
363100012118863
363100012142494
363100012064944
363100012140554
363100012134088
363100012081518
363100012076468
363100012119838
363100012096913
363100012063665
363100012162632
363100012110453
363100012146253
363100012083090
363100012104819
363100012125778
363100012072150
363100012064189
363100012076027
363100012064280
363100012087861
363100012136112
363100012096718
363100012114623
363100012147691
363100012127735
363100012074127
363100012091176
363100012097758
363100012146390
363100012150911
363100012151525
363100012081789
363100012151602
363100012076944
363100012124923
363100012076733
363100012134081
363100012081382
363100012079062
363100012098198
363100012110659
363100012080198
363100012101697
363100012066150
363100012151533
363100012125410
363100012085035
363100012117626
363100012130296
363100012066790
363100012081289
363100012114150
363100012097603
363100012092020
363100012065729
363100012096821
363100012101836
363100012101670
363100012148076
363100012111483
363100012115021
363100012105696
363100012064638
363100012149036
363100012127878
363100012065256
363100012133109
363100012076141
363100012131736
363100012123441
363100012149590
363100012092200
363100012069213
363100012119987
363100012102514
363100012088603
363100012062755
363100012151487
363100012130839
363100012097807
363100012062467
363100012097116
363100012078608
363100012063168
363100012119598
363100012148973
363100012134237
363100012143480
363100012143959
363100012102010
363100012115719
363100012089318
363100012065511
363100012080961
363100012080754
363100012143687
363100012097802
363100012084071
363100012088877
363100012079258
363100012125071
363100012114081
363100012150905
363100012146851
363100012141798
363100012092117
363100012088846
363100012153875
363100012075710
363100012105287
363100012148403
363100012077618
363100012131118
363100012091555
363100012071111
363100012077808
363100012086685
363100012092446
363100012092609
363100012152208
363100012072415
363100012077984
363100012095181
363100012078103
363100012099956
363100012101042
363100012077083
363100012145589
363100012133590
363100012116841
363100012123409
363100012115252
363100012079720
363100012072976
363100012099908
363100012129942
363100012147730
363100012119163
363100012066329
363100012129429
363100012118766
363100012155194
363100012140134
363100012153957
363100012082354
363100012068939
363100012151782
363100012088448
363100012151955
363100012086469
363100012148222
363100012088878
363100012062769
363100012142324
363100012082478
363100012068679
363100012116861
363100012074300
363100012062681
363100012119669
363100012095156
363100012119646
363100012062497
363100012097958
363100012110894
363100012103408
363100012081917
363100012064360
363100012090197
363100012071803
363100012122877
363100012109454
363100012098671
363100012090858
363100012142924
363100012127446
363100012130568
363100012080778
363100012130228
363100012095881
363100012106980
363100012136694
363100012130784
363100012086951
363100012105032
363100012098269
363100012143114
363100012092707
363100012127624
363100012147381
363100012074167
363100012073918
363100012134877
363100012107152
363100012113762
363100012127101
363100012107618
363100012089166
363100012147959
363100012104918
363100012114385
363100012080969
363100012112202
363100012147683
363100012083929
363100012127936
363100012116238
363100012122954
363100012128989
363100012063418
363100012124030
363100012135585
363100012149446
363100012116335
363100012141135
363100012097692
363100012090148
363100012151928
363100012074171
363100012130307
363100012086243
363100012069298
363100012071886
363100012088120
363100012137658
363100012136684
363100012138029
363100012069712
363100012128559
363100012072695
363100012114034
363100012105407
363100012071026
363100012107684
363100012110359
363100012080825
363100012104925
363100012140809
363100012077596
363100012078175
363100012139238
363100012110875
363100012072839
363100012124883
363100012153901
363100012155169
363100012103293
363100012071539
363100012106284
363100012078023
363100012115064
363100012111495
363100012113089
363100012131911
363100012142763
363100012133636
363100012112590
363100012128312
363100012111706
363100012103035
363100012096601
363100012079807
363100012115288
363100012098139
363100012124439
363100012108890
363100012097708
363100012149375
363100012103522
363100012127355
363100012064897
363100012142551
363100012089330
363100012131465
363100012092224
363100012081495
363100012150757
363100012090343
363100012103261
363100012085055
363100012082049
363100012124488
363100012100289
363100012242475
363100012065886
363100012074652
363100012114361
363100012084958
363100012112901
363100012139227
363100012140345
363100012149992
363100012119497
363100012087523
363100012105491
363100012085456
363100012100319
363100012109364
363100012093021
363100012139263
363100012151618
363100012063836
363100012122869
363100012126920
363100012108138
363100012061211
363100012079113
363100012111397
363100012148026
363100012070483
363100012094620
363100012072567
363100012125876
363100012066941
363100012128764
363100012085073
363100012148587
363100012098802
363100012126556
363100012089883
363100012071570
363100012088424
363100012112721
363100012087169
363100012154620
363100012092869
363100012071478
363100012142350
363100012107562
363100012107460
363100012120026
363100012097651
363100012071092
363100012116499
363100012077462
363100012081043
363100012083015
363100012112607
363100012138105
363100012154646
363100012064889
363100012105350
363100012120136
363100012105151
363100012096547
363100012130407
363100012151893
363100012111430
363100012149903
363100012107658
363100012079549
363100012136416
363100012106255
363100012072717
363100012138268
363100012098145
363100012104202
363100012062462
363100012137654
363100012093046
363100012122381
363100012095030
363100012106650
363100012091113
363100012138942
363100012107395
363100012138745
363100012105989
363100012144419
363100012125524
363100012083860
363100012101852
363100012097772
363100012099498
363100012080675
363100012104839
363100012099940
363100012084671
363100012151599
363100012063670
363100012106221
363100012072348
363100012099804
363100012143856
363100012129433
363100012134474
363100012100165
363100012113405
363100012069095
363100012143311
363100012128050
363100012143126
363100012146463
363100012095977
363100012113218
363100012133904
363100012152092
363100012071029
363100012125309
363100012075811
363100012146638
363100012123668
363100012079349
363100012137284
363100012085641
363100012064971
363100012075174
363100012082405
363100012082495
363100012065422
363100012067500
363100012136061
363100012074853
363100012068581
363100012071660
363100012078961
363100012102879
363100012106295
363100012081998
363100012108787
363100012110494
363100012108206
363100012093574
363100012154950
363100012110965
363100012148476
363100012064587
363100012135777
363100012104931
363100012145187
363100012137721
363100012127825
363100012062613
363100012105614
363100012076889
363100012093928
363100012077543
363100012072538
363100012080921
363100012111648
363100012093627
363100012136136
363100012144009
363100012092420
363100012076448
363100012105197
363100012068737
363100012155283
363100012144985
363100012070294
363100012089689
363100012141162
363100012115784
363100012087824
363100012151270
363100012089648
363100012082461
363100012116009
363100012128827
363100012108019
363100012123950
363100012083716
363100012106858
363100012146658
363100012094848
363100012133742
363100012065300
363100012090159
363100012104036
363100012092986
363100012085765
363100012149747
363100012101866
363100012062266
363100012131555
363100012130629
363100012148176
363100012087048
363100012078956
363100012104401
363100012141106
363100012145999
363100012127001
363100012089639
363100012124551
363100012111411
363100012111783
363100012080124
363100012090563
363100012121329
363100012140408
363100012118545
363100012067221
363100012115979
363100012080953
363100012113370
363100012145871
363100012116815
363100012079257
363100012138758
363100012124552
363100012082962
363100012139935
363100012070750
363100012117628
363100012098992
363100012105653
363100012062132
363100012103881
363100012079946
363100012111924
363100012138641
363100012068937
363100012137222
363100012069953
363100012092944
363100012103557
363100012132185
363100012134531
363100012127684
363100012068355
363100012148052
363100012110865
363100012126397
363100012144589
363100012102110
363100012115246
363100012104970
363100012096565
363100012135486
363100012138959
363100012097676
363100012069635
363100012082913
363100012069909
363100012120570
363100012078163
363100012147949
363100012078819
363100012070735
363100012080705
363100012118052
363100012152032
363100012141850
363100012065712
363100012113416
363100012091752
363100012094449
363100012134837
363100012146949
363100012078374
363100012115764
363100012082272
363100012108365
363100012137996
363100012089441
363100012148117
363100012137154
363100012134893
363100012075253
363100012124973
363100012074846
363100012119347
363100012107175
363100012070847
363100012091508
363100012075121
363100012071775
363100012131934
363100012135549
363100012096049
363100012075687
363100012150571
363100012061861
363100012143804
363100012098033
363100012127578
363100012118646
363100012113802
363100012084254
363100012150429
363100012098795
363100012126720
363100012102864
363100012120039
363100012084595
363100012154419
363100012099645
363100012132381
363100012086134
363100012072479
363100012081521
363100012145768
363100012109271
363100012147902
363100012115668
363100012092781
363100012100867
363100012109344
363100012105797
363100012146362
363100012066692
363100012063098
363100012082045
363100012110728
363100012132365
363100012066504
363100012063760
363100012102923
363100012104265
363100012067842
363100012106182
363100012074806
363100012137935
363100012066139
363100012148993
363100012103323
363100012148208
363100012071793
363100012143404
363100012123569
363100012139576
363100012111673
363100012103535
363100012147766
363100012095751
363100012140813
363100012248789
363100012116833
363100012145739
363100012152178
363100012097982
363100012107715
363100012151301
363100012108456
363100012081456
363100012066707
363100012090274
363100012096488
363100012072526
363100012146133
363100012124251
363100012144405
363100012101278
363100012073160
363100012107310
363100012087815
363100012108482
363100012062275
363100012084604
363100012099737
363100012070715
363100012138208
363100012103193
363100012129437
363100012108203
363100012074441
363100012111185
363100012132932
363100012077182
363100012106906
363100012149859
363100012142214
363100012081448
363100012098796
363100012123811
363100012136125
363100012151033
363100012083922
363100012069791
363100012120057
363100012099948
363100012074012
363100012120194
363100012106808
363100012136352
363100012137096
363100012135994
363100012150998
363100012117728
363100012115219
363100012128703
363100012096810
363100012151678
363100012137315
363100012062760
363100012091657
363100012077071
363100012100601
363100012137270
363100012134239
363100012141965
363100012130328
363100012090607
363100012074711
363100012130138
363100012150673
363100012103349
363100012139166
363100012085741
363100012090241
363100012103139
363100012073185
363100012150018
363100012094347
363100012144395
363100012150707
363100012118888
363100012127807
363100012114146
363100012131676
363100012088948
363100012084866
363100012119136
363100012122052
363100012128225
363100012140840
363100012126728
363100012138114
363100012132757
363100012110573
363100012085315
363100012101843
363100012137167
363100012146662
363100012133278
363100012130648
363100012130443
363100012125970
363100012123337
363100012088418
363100012129313
363100012143144
363100012133857
363100012071259
363100012093078
363100012088823
363100012075274
363100012148112
363100012076725
363100012081825
363100012143180
363100012069632
363100012115301
363100012118938
363100012110695
363100012112587
363100012079148
363100012124481
363100012121726
363100012079421
363100012091785
363100012129475
363100012062234
363100012151065
363100012142907
363100012131567
363100012132356
363100012063427
363100012081444
363100012128796
363100012072426
363100012145672
363100012118116
363100012111623
363100012124363
363100012148365
363100012133570
363100012065217
363100012121534
363100012097024
363100012073394
363100012092025
363100012070999
363100012134496
363100012067129
363100012062952
363100012068821
363100012135143
363100012078722
363100012091870
363100012075921
363100012130942
363100012130055
363100012077996
363100012081955
363100012138709
363100012074872
363100012087376
363100012086574
363100012131531
363100012133898
363100012123303
363100012110289
363100012151521
363100012132948
363100012119224
363100012093884
363100012105715
363100012082758
363100012125203
363100012089663
363100012139790
363100012064542
363100012098177
363100012108341
363100012093403
363100012133876
363100012073597
363100012115488
363100012137150
363100012084916
363100012123643
363100012145949
363100012085392
363100012084564
363100012084740
363100012075183
363100012105010
363100012128293
363100012147754
363100012133896
363100012151948
363100012110650
363100012116963
363100012103904
363100012072830
363100012148280
363100012093655
363100012061966
363100012118159
363100012097847
363100012126553
363100012089258
363100012086691
363100012116905
363100012066522
363100012131861
363100012068183
363100012120479
363100012099664
363100012113216
363100012141143
363100012064713
363100012093288
363100012126081
363100012141100
363100012130113
363100012100309
363100012100687
363100012115405
363100012091360
363100012131689
363100012077845
363100012112097
363100012132656
363100012125805
363100012137695
363100012138142
363100012076166
363100012132140
363100012068443
363100012131203
363100012118228
363100012074678
363100012078525
363100012107720
363100012079119
363100012140564
363100012140611
363100012120004
363100012135976
363100012083781
363100012091756
363100012108581
363100012096311
363100012125933
363100012094132
363100012139923
363100012129044
363100012148380
363100012104889
363100012091914
363100012108064
363100012088798
363100012106446
363100012115292
363100012094072
363100012126725
363100012133866
363100012071716
363100012080683
363100012079418
363100012128031
363100012138024
363100012090378
363100012081288
363100012136135
363100012134399
363100012100478
363100012134154
363100012146104
363100012129344
363100012106045
363100012064297
363100012114873
363100012097759
363100012128929
363100012070904
363100012149773
363100012082809
363100012082907
363100012135815
363100012082532
363100012080087
363100012065735
363100012140615
363100012103855
363100012098212
363100012138779
363100012138228
363100012098107
363100012066185
363100012084982
363100012061625
363100012085061
363100012064674
363100012138976
363100012124698
363100012087197
363100012126216
363100012068790
363100012066077
363100012087321
363100012084551
363100012109105
363100012154610
363100012083630
363100012119577
363100012076586
363100012118281
363100012139917
363100012135272
363100012128548
363100012107596
363100012068717
363100012092733
363100012091325
363100012094458
363100012073479
363100012068058
363100012081871
363100012106231
363100012133217
363100012113328
363100012075884
363100012092288
363100012128578
363100012140269
363100012062761
363100012087998
363100012127857
363100012077273
363100012106698
363100012137889
363100012123358
363100012108765
363100012149242
363100012096273
363100012147668
363100012096270
363100012087153
363100012075949
363100012140771
363100012100593
363100012066794
363100012085761
363100012101488
363100012072561
363100012104937
363100012084557
363100012086398
363100012063248
363100012087828
363100012125965
363100012131947
363100012111377
363100012068437
363100012127491
363100012066821
363100012107839
363100012132413
363100012106751
363100012109937
363100012134548
363100012129047
363100012148037
363100012140877
363100012087473
363100012155062
363100012125628
363100012109275
363100012121529
363100012150680
363100012077991
363100012140887
363100012115336
363100012096367
363100012124753
363100012118145
363100012140296
363100012071253
363100012071806
363100012073390
363100012103012
363100012065911
363100012064989
363100012102971
363100012096546
363100012139843
363100012069029
363100012106779
363100012112583
363100012095230
363100012119179
363100012072389
363100012094174
363100012113742
363100012109643
363100012084427
363100012127260
363100012105471
363100012077432
363100012119411
363100012075684
363100012131335
363100012129550
363100012099925
363100012145539
363100012088981
363100012087071
363100012148763
363100012073454
363100012063097
363100012147850
363100012143647
363100012101892
363100012129794
363100012126027
363100012138599
363100012061603
363100012115035
363100012079136
363100012072630
363100012068194
363100012086888
363100012108947
363100012119309
363100012061664
363100012140964
363100012112992
363100012095289
363100012145809
363100012086529
363100012076555
363100012100068
363100012099394
363100012136927
363100012128912
363100012133092
363100012077703
363100012083159
363100012123558
363100012090846
363100012104504
363100012097943
363100012151869
363100012151458
363100012108649
363100012110299
363100012102972
363100012079877
363100012103448
363100012104114
363100012068747
363100012099235
363100012092243
363100012068921
363100012117328
363100012151699
363100012094048
363100012077576
363100012149690
363100012081986
363100012125496
363100012070555
363100012067538
363100012135071
363100012133867
363100012120375
363100012127263
363100012114215
363100012080898
363100012129960
363100012110809
363100012062314
363100012082735
363100012131141
363100012089811
363100012112350
363100012080605
363100012134601
363100012135174
363100012085632
363100012134901
363100012087343
363100012146994
363100012112519
363100012074978
363100012122042
363100012088565
363100012066981
363100012078472
363100012148011
363100012097762
363100012087278
363100012089933
363100012150721
363100012070012
363100012075678
363100012115951
363100012073609
363100012086221
363100012064266
363100012146945
363100012116118
363100012134960
363100012099343
363100012076120
363100012150127
363100012097497
363100012067832
363100012109379
363100012075300
363100012073740
363100012141562
363100012149555
363100012140634
363100012098035
363100012080756
363100012103800
363100012064440
363100012075743
363100012099641
363100012089665
363100012147953
363100012077196
363100012095049
363100012108222
363100012104352
363100012064719
363100012148344
363100012074988
363100012071400
363100012088099
363100012147666
363100012101114
363100012061829
363100012077370
363100012142493
363100012113232
363100012116958
363100012144937
363100012127854
363100012097536
363100012066911
363100012074875
363100012079102
363100012062848
363100012100723
363100012093024
363100012111069
363100012148336
363100012087875
363100012101198
363100012076154
363100012133056
363100012143246
363100012118649
363100012089959
363100012093225
363100012087079
363100012150835
363100012074190
363100012070987
363100012149117
363100012154003
363100012097252
363100012137676
363100012127019
363100012077694
363100012072294
363100012151426
363100012111489
363100012087597
363100012154682
363100012061620
363100012080304
363100012138848
363100012084567
363100012095442
363100012068010
363100012067883
363100012142461
363100012083586
363100012143731
363100012145752
363100012087136
363100012081357
363100012136643
363100012104392
363100012062391
363100012064093
363100012139323
363100012103759
363100012149458
363100012121806
363100012105570
363100012104665
363100012108043
363100012115332
363100012140664
363100012108191
363100012111183
363100012064685
363100012101726
363100012100302
363100012069378
363100012140938
363100012100416
363100012149806
363100012091509
363100012133423
363100012065076
363100012129962
363100012087184
363100012152261
363100012072624
363100012134466
363100012091512
363100012077532
363100012119545
363100012109794
363100012070457
363100012064827
363100012074489
363100012142685
363100012064031
363100012145077
363100012102659
363100012151778
363100012118194
363100012143127
363100012146817
363100012070242
363100012065189
363100012115683
363100012074308
363100012090041
363100012081297
363100012092270
363100012117937
363100012079167
363100012093529
363100012143710
363100012086227
363100012077918
363100012075205
363100012093145
363100012102988
363100012130697
363100012066737
363100012075969
363100012149553
363100012093345
363100012088146
363100012084389
363100012076469
363100012122206
363100012143420
363100012095330
363100012124312
363100012075823
363100012134445
363100012111228
363100012110568
363100012134188
363100012078687
363100012111321
363100012085052
363100012154831
363100012128693
363100012133514
363100012142101
363100012120529
363100012127471
363100012103790
363100012096946
363100012152039
363100012122462
363100012063611
363100012105111
363100012070209
363100012097508
363100012154967
363100012078271
363100012116333
363100012109382
363100012062863
363100012154594
363100012070524
363100012099208
363100012070131
363100012093280
363100012095518
363100012097712
363100012143017
363100012096523
363100012131395
363100012154033
363100012062094
363100012082554
363100012138840
363100012101063
363100012069125
363100012099382
363100012073560
363100012105793
363100012096212
363100012151508
363100012106143
363100012082609
363100012087896
363100012081500
363100012119057
363100012150352
363100012111158
363100012111046
363100012117274
363100012077914
363100012101422
363100012065357
363100012117892
363100012130883
363100012062399
363100012075071
363100012147706
363100012122361
363100012131986
363100012081305
363100012079861
363100012070010
363100012128857
363100012106846
363100012073319
363100012134380
363100012144893
363100012146636
363100012124427
363100012147827
363100012128534
363100012084611
363100012133547
363100012144202
363100012106559
363100012108328
363100012099899
363100012144716
363100012128345
363100012099581
363100012141378
363100012122080
363100012095889
363100012148192
363100012115880
363100012120130
363100012130550
363100012074804
363100012104539
363100012127502
363100012094002
363100012084150
363100012113495
363100012113191
363100012137623
363100012081319
363100012118507
363100012122791
363100012130177
363100012091742
363100012111237
363100012149351
363100012132713
363100012110149
363100012078213
363100012072516
363100012121413
363100012142700
363100012095831
363100012117046
363100012068273
363100012138534
363100012075014
363100012154675
363100012135981
363100012102063
363100012112161
363100012140595
363100012136376
363100012104749
363100012096639
363100012083986
363100012112285
363100012138543
363100012090642
363100012079552
363100012140113
363100012077242
363100012071730
363100012081655
363100012064945
363100012139502
363100012099783
363100012134034
363100012146828
363100012083919
363100012065739
363100012140703
363100012118413
363100012139666
363100012143909
363100012129267
363100012093231
363100012141570
363100012122995
363100012100772
363100012143860
363100012144033
363100012084617
363100012080222
363100012076676
363100012100140
363100012107923
363100012135739
363100012121175
363100012090560
363100012131617
363100012130689
363100012098183
363100012122680
363100012115153
363100012125399
363100012154573
363100012064200
363100012095564
363100012082472
363100012079673
363100012091106
363100012132045
363100012130421
363100012143716
363100012129406
363100012068837
363100012150418
363100012096858
363100012086186
363100012145313
363100012078970
363100012093236
363100012081727
363100012120249
363100012111016
363100012111002
363100012147186
363100012106726
363100012113649
363100012062251
363100012079688
363100012074296
363100012072056
363100012063802
363100012096348
363100012121006
363100012154708
363100012123877
363100012102303
363100012075489
363100012113906
363100012100870
363100012083476
363100012096646
363100012087352
363100012150015
363100012072975
363100012116990
363100012089848
363100012118197
363100012129512
363100012129578
363100012119849
363100012082820
363100012148388
363100012092511
363100012101611
363100012076206
363100012118000
363100012087468
363100012102460
363100012104410
363100012096032
363100012109736
363100012079024
363100012102354
363100012139943
363100012138712
363100012116114
363100012136269
363100012098516
363100012102452
363100012064371
363100012110834
363100012085676
363100012091123
363100012135426
363100012132722
363100012110413
363100012145138
363100012139356
363100012137943
363100012086987
363100012078770
363100012099078
363100012092732
363100012085916
363100012111656
363100012104771
363100012141491
363100012078422
363100012112135
363100012121565
363100012136537
363100012150276
363100012062726
363100012136144
363100012086827
363100012124100
363100012072088
363100012098972
363100012105612
363100012100518
363100012087827
363100012151705
363100012133194
363100012061217
363100012119562
363100012141318
363100012090701
363100012111216
363100012089612
363100012090643
363100012065048
363100012092873
363100012141346
363100012119783
363100012135248
363100012081428
363100012103044
363100012145482
363100012066847
363100012135145
363100012105187
363100012098008
363100012069580
363100012087730
363100012073663
363100012150335
363100012089335
363100012149360
363100012100105
363100012104763
363100012135444
363100012102222
363100012094691
363100012086836
363100012132081
363100012136243
363100012147143
363100012115465
363100012145787
363100012080863
363100012125400
363100012144974
363100012135148
363100012140289
363100012074325
363100012065506
363100012110062
363100012112611
363100012078563
363100012102257
363100012104437
363100012127567
363100012135058
363100012210054
363100012117039
363100012117760
363100012136436
363100012102123
363100012108832
363100012145448
363100012084374
363100012132695
363100012082093
363100012123250
363100012064806
363100012077775
363100012084565
363100012143379
363100012130358
363100012071402
363100012141594
363100012072191
363100012108470
363100012108449
363100012154960
363100012129597
363100012084002
363100012105033
363100012137618
363100012117745
363100012115941
363100012084716
363100012140610
363100012114945
363100012118226
363100012144898
363100012133933
363100012096226
363100012143254
363100012107509
363100012064414
363100012117975
363100012072872
363100012087540
363100012071127
363100012065728
363100012145379
363100012064705
363100012139995
363100012108507
363100012073711
363100012068808
363100012132129
363100012074282
363100012138045
363100012088386
363100012081887
363100012134110
363100012109645
363100012101434
363100012070972
363100012084256
363100012062448
363100012110926
363100012073229
363100012070172
363100012140504
363100012125445
363100012106809
363100012077524
363100012143919
363100012125870
363100012130616
363100012103751
363100012063561
363100012089987
363100012072366
363100012104756
363100012100131
363100012086562
363100012108202
363100012112894
363100012136761
363100012075854
363100012077499
363100012144377
363100012080133
363100012101112
363100012104652
363100012087274
363100012111130
363100012127005
363100012109900
363100012104335
363100012071063
363100012083165
363100012076561
363100012146347
363100012070316
363100012083940
363100012093332
363100012128784
363100012099293
363100012142691
363100012148907
363100012145650
363100012115835
363100012119796
363100012150385
363100012152076
363100012064657
363100012076770
363100012136712
363100012097748
363100012108584
363100012137375
363100012115673
363100012075643
363100012146010
363100012139584
363100012119743
363100012116453
363100012137885
363100012079337
363100012138568
363100012132133
363100012079284
363100012098108
363100012076015
363100012127454
363100012149633
363100012129174
363100012107051
363100012063798
363100012113124
363100012142319
363100012115789
363100012078915
363100012070079
363100012146597
363100012073692
363100012154718
363100012087512
363100012092535
363100012080542
363100012064388
363100012114219
363100012068611
363100012105729
363100012069939
363100012149497
363100012107242
363100012098713
363100012063339
363100012065868
363100012100532
363100012135754
363100012137887