498100000015071
498100000012455
498100000002785
498100000002330
498100000002750
498100000007532
498100000003608
498100000005391
498100000002773
498100000015073
498100000001427
498100000007901
498100000002466
498100000007546
498100000006885
498100000005365
498100000003239
498100000002941
498100000006402
498100000001852
498100000001342
498100000011702
498100000007622
498100000006976
498100000012001
498100000007601
498100000002545
498100000000279
498100000004544
498100000002028
498100000007729
498100000006604
498100000012718
498100000006030
498100000012863
498100000008182
498100000006113
498100000005689
498100000007999
498100000008016
498100000001312
498100000001900
498100000008143
498100000003550
498100000006089
498100000008148
498100000002359
498100000001189
498100000005364
498100000006524
498100000005366
498100000012390
498100000002318
498100000001487
498100000007623
498100000008744
498100000007903
498100000012700
498100000007900
498100000007873
498100000003625
498100000014696
498100000001914
498100000014893
498100000008178
498100000013752
498100000014571
498100000007398
498100000001127
498100000000556
498100000008142
498100000015074
498100000002289
498100000002627
498100000014618
498100000002455
498100000014880
498100000014764
498100000006433
498100000012574
498100000011664
498100000003224
498100000012584
498100000004911
498100000002904
498100000005369
498100000003282
498100000007720
498100000007316
498100000008232
498100000001149
498100000006026
498100000006111
498100000012404
498100000007938
498100000008099
498100000007732
498100000008036
498100000006590
498100000007958
498100000003383
498100000006870
498100000005376
498100000014864
498100000002250
498100000014050
498100000003557
498100000006074
498100000002638
498100000014616
498100000000058
498100000008212
498100000012697
498100000014521
498100000002382
498100000005390
498100000002716
498100000008839
498100000014128
498100000007859
498100000008068
498100000006864
498100000003491
498100000012698
498100000007874
498100000014902
498100000007909
498100000012073
498100000002981
498100000003431
498100000006055
498100000003013
498100000003017
498100000000872
498100000012091
498100000002755
498100000003230
498100000002686
498100000007470
498100000001585
498100000002944
498100000002037
498100000008015
498100000002973
498100000000571
498100000005665
498100000014052
498100000011927
498100000003338
498100000005664
498100000007530
498100000005630
498100000006098
498100000008242
498100000013037
498100000012146
498100000003003
498100000007360
498100000007971
498100000002584
498100000002538
498100000001988
498100000001194
498100000002013
498100000002821
498100000008700
498100000001890
498100000006984
498100000006919
498100000012388
498100000001866
498100000008695
498100000012751
498100000006503
498100000002954
498100000008672
498100000007672
498100000003635
498100000000817
498100000006580
498100000012712
498100000005968
498100000002812
498100000011687
498100000001738
498100000006062
498100000013847
498100000003157
498100000012840
498100000003149
498100000003372
498100000001741
498100000008183
498100000014854
498100000002027
498100000012835
498100000008791
498100000001238
498100000012592
498100000008001
498100000003750
498100000008690
498100000003178
498100000003331
498100000002690
498100000003287
498100000006842
498100000014022
498100000015182
498100000014762
498100000000655
498100000011969
498100000005863
498100000002907
498100000008741
498100000001474
498100000007917
498100000014974
498100000014027
498100000008045
498100000012411
498100000002494
498100000008708
498100000007525
498100000012394
498100000001845
498100000000950
498100000006642
498100000001223
498100000002804
498100000008065
498100000014433
498100000011688
498100000003759
498100000008196
498100000015060
498100000001099
498100000007660
498100000014518
498100000007007
498100000003186
498100000008259
498100000007664
498100000007663
498100000007959
498100000006825
498100000003184
498100000006149
498100000010530
498100000003326
498100000001508
498100000003002
498100000002510
498100000007853
498100000003094
498100000002882
498100000014080
498100000007983
498100000011706
498100000000999
498100000003048
498100000014057
498100000005673
498100000003183
498100000012711
498100000007555
498100000013789
498100000006545
498100000001235
498100000001158
498100000007002
498100000007854
498100000010624
498100000014031
498100000014428
498100000005688
498100000008080
498100000013753
498100000008671
498100000007669
498100000008219
498100000003611
498100000008169
498100000005367
498100000003720
498100000007600
498100000006592
498100000006585
498100000006131
498100000003329
498100000005884
498100000007603
498100000012643
498100000002208
498100000007930
498100000002886
498100000003315
498100000003227
498100000014933
498100000003310
498100000012802
498100000001837
498100000001751
498100000002151
498100000005684
498100000006826
498100000008247
498100000008096
498100000003285
498100000001757
498100000014570
498100000007625
498100000006121
498100000002894
498100000000758
498100000003519
498100000012383
498100000003633
498100000008124
498100000012785
498100000014118
498100000006548
498100000011697
498100000007256
498100000005994
498100000003537
498100000002698
498100000014856
498100000012505
498100000008053
498100000014923
498100000012575
498100000008706
498100000002670
498100000014831
498100000006846
498100000013853
498100000012727
498100000014849
498100000014869
498100000002966
498100000013860
498100000014160
498100000003420
498100000008005
498100000012859
498100000006167
498100000006264
498100000007001
498100000001804
498100000003276
498100000005846
498100000006624
498100000002684
498100000007980
498100000001817
498100000014586
498100000008260
498100000001512
498100000005587
498100000000738
498100000010662
498100000003097
498100000003402
498100000001882
498100000011632
498100000007973
498100000003396
498100000007517
498100000006187
498100000002976
498100000011935
498100000007488
498100000001690
498100000011671
498100000012418
498100000001584
498100000001008
498100000005859
498100000007963
498100000007504
498100000002920
498100000006137
498100000006834
498100000001074
498100000008205
498100000000666
498100000003607
498100000007464
498100000008057
498100000002910
498100000014082
498100000007023
498100000006872
498100000008737
498100000002006
498100000002546
498100000003482
498100000012849
498100000014531
498100000002701
498100000006435
498100000005392
498100000003404
498100000001520
498100000014511
498100000003399
498100000002162
498100000006172
498100000014994
498100000001227
498100000012571
498100000007596
498100000012548
498100000008034
498100000014658
498100000001234
498100000013989
498100000007559
498100000007730
498100000006096
498100000014432
498100000005901
498100000007734
498100000003604
498100000008848
498100000003518
498100000001039
498100000002264
498100000007338
498100000000370
498100000012791
498100000007915
498100000012190
498100000005754
498100000006868
498100000003410
498100000006754
498100000002417
498100000012550
498100000006123
498100000014591
498100000014929
498100000001879
498100000002476
498100000008125
498100000008029
498100000007884
498100000005889
498100000003638
498100000015069
498100000007920
498100000007885
498100000000933
498100000007362
498100000000896
498100000008820
498100000007662
498100000007469
498100000003391
498100000001200
498100000002720
498100000002827
498100000003551
498100000008076
498100000006091
498100000011631
498100000012203
498100000014019
498100000002111
498100000012391
498100000011686
498100000007257
498100000011696
498100000014235
498100000006863
498100000012022
498100000000708
498100000006869
498100000002563
498100000013840
498100000002689
498100000006540
498100000012850
498100000014858
498100000002769
498100000005377
498100000007529
498100000003353
498100000014517
498100000006181
498100000007606
498100000012706
498100000012834
498100000012160
498100000007918
498100000002580
498100000006502
498100000015191
498100000000810
498100000000930
498100000008704
498100000006564
498100000002255
498100000014807
498100000007878
498100000008767
498100000008171
498100000002592
498100000014573
498100000002964
498100000015177
498100000013030
498100000002903
498100000012400
498100000002956
498100000000807
498100000003367
498100000001148
498100000012204
498100000001649
498100000002267
498100000001996
498100000002528
498100000002593
498100000007883
498100000012556
498100000007975
498100000006884
498100000008109
498100000008719
498100000003508
498100000002984
498100000011957
498100000001974
498100000006080
498100000002300
498100000006104
498100000001970
498100000008861
498100000012501
498100000012765
498100000012789
498100000012590
498100000003103
498100000007661
498100000003298
498100000002301
498100000001341
498100000007020
498100000006762
498100000010625
498100000001284
498100000001116
498100000008112
498100000003691
498100000008157
498100000006152
498100000007841
498100000006878
498100000007319
498100000003053
498100000008117
498100000012015
498100000005850
498100000012539
498100000013610
498100000002325
498100000008048
498100000006198
498100000003065
498100000006575
498100000008244
498100000011694
498100000002258
498100000005942
498100000003163
498100000001715
498100000014642
498100000007780
498100000013748
498100000002441
498100000012612
498100000012838
498100000000557
498100000003377
498100000000814
498100000008189
498100000003199
498100000001786
498100000012801
498100000003426
498100000001111
498100000014056
498100000011934
498100000006135
498100000014430
498100000001070
498100000003088
498100000005921
498100000008126
498100000001384
498100000003374
498100000007641
498100000008010
498100000007621
498100000000463
498100000014519
498100000007642
498100000012768
498100000007993
498100000003075
498100000008003
498100000006879
498100000001300
498100000007580
498100000006562
498100000002237
498100000000963
498100000003275
498100000006094
498100000001819
498100000010656
498100000012162
498100000003049
498100000005385
498100000012026
498100000007926
498100000001124
498100000015004
498100000006845
498100000010520
498100000000295
498100000006304
498100000007785
498100000006873
498100000012569
498100000006178
498100000007937
498100000008777
498100000013364
498100000002192
498100000008094
498100000005349
498100000013368
498100000002218
498100000003501
498100000015051
498100000003627
498100000002399
498100000012009
498100000002011
498100000001387
498100000015192
498100000003146
498100000003603
498100000008215
498100000012828
498100000003628
498100000001252
498100000013607
498100000012598
498100000004579
498100000003185
498100000002323
498100000008771
498100000013851
498100000007013
498100000001313
498100000008750
498100000003525
498100000003405
498100000001587
498100000014645
498100000003653
498100000002355
498100000002008
498100000006623
498100000002961
498100000007951
498100000012701
498100000007480
498100000008123
498100000014532
498100000012504
498100000000729
498100000012730
498100000012559
498100000005465
498100000013979
498100000001129
498100000007904
498100000005394
498100000003631
498100000006569
498100000014130
498100000008703
498100000001634
498100000014023
498100000010668
498100000012169
498100000001502
498100000012147
498100000012831
498100000006206
498100000012055
498100000004764
498100000012182
498100000006568
498100000013856
498100000002284
498100000003684
498100000012561
498100000007403
498100000000990
498100000002311
498100000004761
498100000015057
498100000002842
498100000014924
498100000007726
498100000012586
498100000001489
498100000010632
498100000006422
498100000012120
498100000007665
498100000000477
498100000001708
498100000000921
498100000006701
498100000002015
498100000007777
498100000001830
498100000008082
498100000008239
498100000006060
498100000000904
498100000008821
498100000014797
498100000014892
498100000008014
498100000001525
498100000007541
498100000007657
498100000005082
498100000003814
498100000001386
498100000006327
498100000006918
498100000010671
498100000006862
498100000012536
498100000003020
498100000001896
498100000007521
498100000003478
498100000002557
498100000002647
498100000012165
498100000007881
498100000005531
498100000002975
498100000005836
498100000001422
498100000006971
498100000002175
498100000008027
498100000012153
498100000012537
498100000003687
498100000011698
498100000013805
498100000001586
498100000005817
498100000012596
498100000001523
498100000005785
498100000008267
498100000015267
498100000008285
498100000000611
498100000013872
498100000001925
498100000007004
498100000007976
498100000007574
498100000002918
498100000015034
498100000003388
498100000008301
498100000003376
498100000014761
498100000001243
498100000007813
498100000012806
498100000007863
498100000007159
498100000007009
498100000013861
498100000007336
498100000002908
498100000012632
498100000008046
498100000007767
498100000008715
498100000001392
498100000006584
498100000002483
498100000000780
498100000015014
498100000010528
498100000008111
498100000012126
498100000002654
498100000003513
498100000002623
498100000005704
498100000000781
498100000007722
498100000014935
498100000008679
498100000003464
498100000002238
498100000001317
498100000012622
498100000006440
498100000001225
498100000007950
498100000006977
498100000001856
498100000001620
498100000005501
498100000002915
498100000008720
498100000012848
498100000002070
498100000007465
498100000012667
498100000000798
498100000001686
498100000008192
498100000010636
498100000002134
498100000002643
498100000014429
498100000001930
498100000007739
498100000012520
498100000000811
498100000001424
498100000015066
498100000012663
498100000008153
498100000005975
498100000003644
498100000008295
498100000008236
498100000002881
498100000006668
498100000001927
498100000007754
498100000006011
498100000015194
498100000001254
498100000002767
498100000001754
498100000007658
498100000014529
498100000005373
498100000005881
498100000003259
498100000008011
498100000003131
498100000002704
498100000006227
498100000001656
498100000014431
498100000012879
498100000005868
498100000012014
498100000007462
498100000000782
498100000008150
498100000002796
498100000010698
498100000001488
498100000003512
498100000002549
498100000001946
498100000001166
498100000008017
498100000014131
498100000006602
498100000007862
498100000001137
498100000007896
498100000004592
498100000008790
498100000013740
498100000014058
498100000013824
498100000008730
498100000007025
498100000012772
498100000002475
498100000000859
498100000008079
498100000012723
498100000000678
498100000004442
498100000003561
498100000008727
498100000008032
498100000007652
498100000011663
498100000012410
498100000002970
498100000012515
498100000007554
498100000002029
498100000001290
498100000001405
498100000007725
498100000002017
498100000001730
498100000003277
498100000003510
498100000000837
498100000006338
498100000003132
498100000001152
498100000008725
498100000001440
498100000001969
498100000002781
498100000006329
498100000007945
498100000006883
498100000005453
498100000012591
498100000012594
498100000003167
498100000006753
498100000007957
498100000001242
498100000007936
498100000006538
498100000002965
498100000005515
498100000015055
498100000000903
498100000001201
498100000005378
498100000012819
498100000002224
498100000012720
498100000005791
498100000006667
498100000002432
498100000005872
498100000005797
498100000007706
498100000012552
498100000003395
498100000005820
498100000007886
498100000001188
498100000001236
498100000007821
498100000003554
498100000008121
498100000015183
498100000014964
498100000010630
498100000007825
498100000001206
498100000006099
498100000013845
498100000008786
498100000001094
498100000002705
498100000007880
498100000002497
498100000008300
498100000007989
498100000014585
498100000001271
498100000003166
498100000006118
498100000002742
498100000014754
498100000012121
498100000008085
498100000003567
498100000007577
498100000006161
498100000008713
498100000011966
498100000001805
498100000006595
498100000014589
498100000012729
498100000007822
498100000005967
498100000007948
498100000012804
498100000014963
498100000005363
498100000002838
498100000003499
498100000002972
498100000005867
498100000008078
498100000008108
498100000008161
498100000008162
498100000005842
498100000007673
498100000001596
498100000002747
498100000008072
498100000001629
498100000013340
498100000007342
498100000014522
498100000011684
498100000001619
498100000003156
498100000006844
498100000008043
498100000013739
498100000008288
498100000002823
498100000003447
498100000003576
498100000003646
498100000015077
498100000003104
498100000000142
498100000001444
498100000002278
498100000008873
498100000003601
498100000003575
498100000003504
498100000002878
498100000007691
498100000006744
498100000007012
498100000002433
498100000003058
498100000012136
498100000008004
498100000001871
498100000014794
498100000003430
498100000001677
498100000007472
498100000006664
498100000006127
498100000011707
498100000007693
498100000012862
498100000001517
498100000003299
498100000012764
498100000000919
498100000001447
498100000011961
498100000000929
498100000007547
498100000001713
498100000008102
498100000002562
498100000006324
498100000008874
498100000014970
498100000011676
498100000007683
498100000007895
498100000013942
498100000002439
498100000002635
498100000002086
498100000007394
498100000014089
498100000000003
498100000007572
498100000008734
498100000011705
498100000007858
498100000012161
498100000014655
498100000002588
498100000001855
498100000008154
498100000002567
498100000015006
498100000003609
498100000001951
498100000003481
498100000007626
498100000006853
498100000006119
498100000012024
498100000008235
498100000002484
498100000006888
498100000001100
498100000002942
498100000003316
498100000003332
498100000003110
498100000014091
498100000003273
498100000003487
498100000001923
498100000003528
498100000008047
498100000003222
498100000013027
498100000008282
498100000002073
498100000003517
498100000000981
498100000003408
498100000008115
498100000002001
498100000001431
498100000006654
498100000002893
498100000000044
498100000012795
498100000014977
498100000002541
498100000003192
498100000001723
498100000002693
498100000014751
498100000003417
498100000003336
498100000001607
498100000008008
498100000015008
498100000001762
498100000014441
498100000007867
498100000007450
498100000001513
498100000012716
498100000006064
498100000003560
498100000002983
498100000005372
498100000008694
498100000012064
498100000007887
498100000001359
498100000012540
498100000014973
498100000007727
498100000007528
498100000004799
498100000000636
498100000013854
498100000012416
498100000012123
498100000000784
498100000000766
498100000008718
498100000012028
498100000006337
498100000001159
498100000006340
498100000005948
498100000004213
498100000012603
498100000003688
498100000012387
498100000007260
498100000008237
498100000006784
498100000007628
498100000012726
498100000008871
498100000012558
498100000002730
498100000008714
498100000002026
498100000003620
498100000007947
498100000002371
498100000014967
498100000000483
498100000006619
498100000007828
498100000003599
498100000007921
498100000006635
498100000007010
498100000006124
498100000012665
498100000012066
498100000011714
498100000002917
498100000008707
498100000002142
498100000006820
498100000000329
498100000008676
498100000007907
498100000011990
498100000003562
498100000002922
498100000003655
498100000006994
498100000013617
498100000012814
498100000001136
498100000003303
498100000006686
498100000002759
498100000006537
498100000002843
498100000011719
498100000014905
498100000010527
498100000005395
498100000008738
498100000003029
498100000006201
498100000000969
498100000005864
498100000013362
498100000007927
498100000005557
498100000001462
498100000008172
498100000003624
498100000015058
498100000007913
498100000011972
498100000002683
498100000008128
498100000015059
498100000002916
498100000011701
498100000003597
498100000000873
498100000013032
498100000015001
498100000007932
498100000012551
498100000008165
498100000008064
498100000014855
498100000007542
498100000006132
498100000014048
498100000015064
498100000003469
498100000008160
498100000000247
498100000008691
498100000003330
498100000007998
498100000003497
498100000005890
498100000006851
498100000001821
498100000005776
498100000008137
498100000008012
498100000003516
498100000007922
498100000014514
498100000001717
498100000000877
498100000006579
498100000010622
498100000006588
498100000007659
498100000006140
498100000006628
498100000001426
498100000001266
498100000013823
498100000006274
498100000003046
498100000007905
498100000007690
498100000010640
498100000014119
498100000002712
498100000001601
498100000001933
498100000012382
498100000000940
498100000002210
498100000006539
498100000002457
498100000007796
498100000008030
498100000003322
498100000012793
498100000015016
498100000002548
498100000010628
498100000011722
498100000003690
498100000007925
498100000002758
498100000007011
498100000007321
498100000008685
498100000001718
498100000000722
498100000014766
498100000012788
498100000006034
498100000012858
498100000003618
498100000015052
498100000002234
498100000013036
498100000004621
498100000012854
498100000015000
498100000003695
498100000013852
498100000002141
498100000013737
498100000006616
498100000004624
498100000008156
498100000000900
498100000006875
498100000000460
498100000001083
498100000002909
498100000003028
498100000008105
498100000012606
498100000005969
498100000002116
498100000001683
498100000005075
498100000008875
498100000012595
498100000006978
498100000001418
498100000001283
498100000003602
498100000013330
498100000008039
498100000014871
498100000006129
498100000007481
498100000008686
498100000003409
498100000005781
498100000014795
498100000007912
498100000003461
498100000001277
498100000008159
498100000002659
498100000002625
498100000002895
498100000014569
498100000006168
498100000011708
498100000014925
498100000012527
498100000012560
498100000012669
498100000007014
498100000002958
498100000007737
498100000012168
498100000007636
498100000003555
498100000005530
498100000005380
498100000008151
498100000008113
498100000008692
498100000001615
498100000008249
498100000012523
498100000001735
498100000008769
498100000014627
498100000006898
498100000008145
498100000003083
498100000008038
498100000012459
498100000007019
498100000006106
498100000003622
498100000000397
498100000003089
498100000001349
498100000002471
498100000000937
498100000007552
498100000008202
498100000007400
498100000001736
498100000003318
498100000003429
498100000001647
498100000006188
498100000012829
498100000006633
498100000005953
498100000005576
498100000005794
498100000008218
498100000008106
498100000001533
498100000014752
498100000005945
498100000008789
498100000012825
498100000003694
498100000012610
498100000007175
498100000003656
498100000002207
498100000007478
498100000012837
498100000000703
498100000008712
498100000014625
498100000007875
498100000015084
498100000003471
498100000008127
498100000008091
498100000000631
498100000007630
498100000003649
498100000014878
498100000003473
498100000001315
498100000007856
498100000004539
498100000014078
498100000002731
498100000003118
498100000007701
498100000003161
498100000007497
498100000007655
498100000013787
498100000002926
498100000006204
498100000012769
498100000006130
498100000012865
498100000008131
498100000012631
498100000010644
498100000012771
498100000002677
498100000003278
498100000001324
498100000002477
498100000003204
498100000013846
498100000000648
498100000007724
498100000002764
498100000012562
498100000005780
498100000005865
498100000003135
498100000006913
498100000006985
498100000006641
498100000014922
498100000013831
498100000007244
498100000008299
498100000002877
498100000012843
498100000001423
498100000007531
498100000014029
498100000007560
498100000006079
498100000006541
498100000003484
498100000012766
498100000006266
498100000012389
498100000012568
498100000003018
498100000008136
498100000003489
498100000001215
498100000002780
498100000007978
498100000007579
498100000001782
498100000006153
498100000011718
498100000006776
498100000006981
498100000008193
498100000002982
498100000003393
498100000008838
498100000011660
498100000003543
498100000012408
498100000006075
498100000002967
498100000003266
498100000007812
498100000007768
498100000003193
498100000015075
498100000000819
498100000005966
498100000002616
498100000003229
498100000008174
498100000006855
498100000003290
498100000008049
498100000001664
498100000003000
498100000002596
498100000001085
498100000007956
498100000002496
498100000001098
498100000008754
498100000005382
498100000003534
498100000001915
498100000001335
498100000002993
498100000003311
498100000002194
498100000002241
498100000003063
498100000007008
498100000014021
498100000012563
498100000002694
498100000000296
498100000002221
498100000006617
498100000002547
498100000006093
498100000008262
498100000008697
498100000003496
498100000006156
498100000002251
498100000012609
498100000007838
498100000012763
498100000014999
498100000007919
498100000001820
498100000006653
498100000008042
498100000014576
498100000015076
498100000012780
498100000008018
498100000007851
498100000002262
498100000008081
498100000014580
498100000006120
498100000012557
498100000002559
498100000005971
498100000006793
498100000005762
498100000001218
498100000005946
498100000002805
498100000002846
498100000001077
498100000007713
498100000005818
498100000012636
498100000007654
498100000008284
498100000014863
498100000003448
498100000014617
498100000007354
498100000005807
498100000006056
498100000012535
498100000011699
498100000012513
498100000001816
498100000012049
498100000007599
498100000002003
498100000002711
498100000003434
498100000003463
498100000014834
498100000008711
498100000006084
498100000013849
498100000008044
498100000005758
498100000008051
498100000001999
498100000012191
498100000008286
498100000014081
498100000014142
498100000005764
498100000007826
498100000008054
498100000012534
498100000001612
498100000010532
498100000011995
498100000008701
498100000006835
498100000003577
498100000006136
498100000006573
498100000011673
498100000002223
498100000000948
498100000007586
498100000007567
498100000000763
498100000014528
498100000002989
498100000002924
498100000001412
498100000007340
498100000002622
498100000011690
498100000000127
498100000014125
498100000008677
498100000014707
498100000007728
498100000001280
498100000011720
498100000002324
498100000010980
498100000002892
498100000008682
498100000008696
498100000007570
498100000000880
498100000002191
498100000007814
498100000007520
498100000006814
498100000003045
498100000013034
498100000011677
498100000002776
498100000002266
498100000003658
498100000001485
498100000000977
498100000004566
498100000014525
498100000001452
498100000007876
498100000007740
498100000007723
498100000012572
498100000005467
498100000000513
498100000008876
498100000001076
498100000008197
498100000013345
498100000008784
498100000001182
498100000005362
498100000002813
498100000006061
498100000006166
498100000006078
498100000002420
498100000005841
498100000000994
498100000000983
498100000014852
498100000002032
498100000003472
498100000003349
498100000010533
498100000007827
498100000008041
498100000005361
498100000007923
498100000007906
498100000001886
498100000001334
498100000002668
498100000001876
498100000007815
498100000003980
498100000001233
498100000002787
498100000008716
498100000005733
498100000015178
498100000001038
498100000005888
498100000012393
498100000008733
498100000001637
498100000007857
498100000001559
498100000008726
498100000006126
498100000000670
498100000012192
498100000006996
498100000002864
498100000002729
498100000007467
498100000003438
498100000001442
498100000007783
498100000006975
498100000001684
498100000011951
498100000003606
498100000005389
498100000005995
498100000014572
498100000003612
498100000001674
498100000014464
498100000007569
498100000013326
498100000014792
498100000003647
498100000014615
498100000003397
498100000006175
498100000012547
498100000014850
498100000008739
498100000003339
498100000014088
498100000002708
498100000002564
498100000013363
498100000011928
498100000007842
498100000002222
498100000003365
498100000007604
498100000002636
498100000007816
498100000008240
498100000004589
498100000002680
498100000002906
498100000002700
498100000007795
498100000007527
498100000003095
498100000005860
498100000008158
498100000014124
498100000002216
498100000001455
498100000006995
498100000008075
498100000003749
498100000012787
498100000007635
498100000014053
498100000013755
498100000007981
498100000006504
498100000008238
498100000007869
498100000001582
498100000002035
498100000012639
498100000001501
498100000012570
498100000003314
498100000012650
498100000005892
498100000012857
498100000007944
498100000002752
498100000001721
498100000014848
498100000005880
498100000013859
498100000014084
498100000000779
498100000005368
498100000001251
498100000014450
498100000003233
498100000007598
498100000002825
498100000002862