363100012067528
363100012160085
363100012091184
363100012141000
363100012158052
363100012162689
363100012135645
363100012153425
363100012153554
363100012162968
363100012167233
363100012082569
363100012162335
363100012090280
363100012102930
363100012161409
363100012084086
363100012121258
363100012097400
363100012237019
363100012077305
363100012082875
363100012082524
363100012162385
363100012166850
363100012163412
363100012159249
363100012240937
363100012154146
363100012125306
363100012129208
363100012164213
363100012167103
363100012134085
363100012120054
363100012156722
363100012115475
363100012160959
363100012236510
363100012061752
363100012068084
363100012107785
363100012068804
363100012093262
363100012103395
363100012158812
363100012161347
363100012163696
363100012167211
363100012161395
363100012096233
363100012138409
363100012133722
363100012090542
363100012084696
363100012084857
363100012087259
363100012164375
363100012110422
363100012101173
363100012069911
363100012086910
363100012167281
363100012151453
363100012077907
363100012152461
363100012165202
363100012114589
363100012158904
363100012160873
363100012164099
363100012074485
363100012110847
363100012160734
363100012156615
363100012152769
363100012148174
363100012150875
363100012100487
363100012062719
363100012156812
363100012136582
363100012162521
363100012159948
363100012163300
363100012161698
363100012134605
363100012161314
363100012160469
363100012096531
363100012164793
363100012099719
363100012151420
363100012160767
363100012146154
363100012122987
363100012152552
363100012166664
363100012156170
363100012166747
363100012157693
363100012143237
363100012160804
363100012069253
363100012161962
363100012107140
363100012098586
363100012161835
363100012236032
363100012158363
363100012152764
363100012091624
363100012085040
363100012119240
363100012161283
363100012119349
363100012153387
363100012159611
363100012084974
363100012111561
363100012155898
363100012091110
363100012118070
363100012166579
363100012153277
363100012153243
363100012159447
363100012156056
363100012161122
363100012161063
363100012152989
363100012109154
363100012157694
363100012149140
363100012086751
363100012161717
363100012162167
363100012153172
363100012074537
363100012153746
363100012161921
363100012164348
363100012097222
363100012154739
363100012081429
363100012236200
363100012091249
363100012075611
363100012153481
363100012158065
363100012130861
363100012129907
363100012150505
363100012123912
363100012111637
363100012107671
363100012160283
363100012117924
363100012084940
363100012156938
363100012167284
363100012092241
363100012145598
363100012148929
363100012156166
363100012233639
363100012099367
363100012073614
363100012167217
363100012163278
363100012154091
363100012144332
363100012142407
363100012099820
363100012156666
363100012154117
363100012145070
363100012126516
363100012089906
363100012093989
363100012163317
363100012149049
363100012166679
363100012154139
363100012161016
363100012233494
363100012165574
363100012127814
363100012122049
363100012156842
363100012155324
363100012155392
363100012233535
363100012122233
363100012135225
363100012096633
363100012110143
363100012080162
363100012165259
363100012078929
363100012158804
363100012084295
363100012236365
363100012145855
363100012128739
363100012162264
363100012117536
363100012140507
363100012159994
363100012112673
363100012163353
363100012167077
363100012089794
363100012075169
363100012155866
363100012068663
363100012161251
363100012096927
363100012141704
363100012081844
363100012090094
363100012155262
363100012145939
363100012070281
363100012070614
363100012236926
363100012113835
363100012139013
363100012079718
363100012126733
363100012164683
363100012162693
363100012088211
363100012159451
363100012236864
363100012067895
363100012154606
363100012161799
363100012144789
363100012135547
363100012132532
363100012154784
363100012161720
363100012105122
363100012237110
363100012075728
363100012236449
363100012153790
363100012153036
363100012088330
363100012084096
363100012165187
363100012157047
363100012096501
363100012164700
363100012133402
363100012143087
363100012105086
363100012156380
363100012080803
363100012164147
363100012086513
363100012157734
363100012153501
363100012160626
363100012062120
363100012148781
363100012126712
363100012157950
363100012155125
363100012140016
363100012098759
363100012236621
363100012160634
363100012155514
363100012103463
363100012072859
363100012156256
363100012166343
363100012094248
363100012233621
363100012153326
363100012158985
363100012138629
363100012163163
363100012079302
363100012166006
363100012161298
363100012073376
363100012152581
363100012157633
363100012111123
363100012134098
363100012156149
363100012164887
363100012155834
363100012131238
363100012076010
363100012100735
363100012137448
363100012165607
363100012156349
363100012160055
363100012160105
363100012110389
363100012164049
363100012071708
363100012076503
363100012128933
363100012135094
363100012084636
363100012160036
363100012119571
363100012156687
363100012090363
363100012157296
363100012152794
363100012097355
363100012153338
363100012123461
363100012158646
363100012133274
363100012165914
363100012236354
363100012236954
363100012071427
363100012161053
363100012166237
363100012164031
363100012237056
363100012154267
363100012122761
363100012076016
363100012140669
363100012166485
363100012063086
363100012144275
363100012122009
363100012161790
363100012139717
363100012134384
363100012165166
363100012077688
363100012133396
363100012148417
363100012163224
363100012161426
363100012163384
363100012165889
363100012127116
363100012163388
363100012156996
363100012158114
363100012159005
363100012068000
363100012238680
363100012158651
363100012093120
363100012157282
363100012161693
363100012152900
363100012162307
363100012153593
363100012135879
363100012153537
363100012140991
363100012114046
363100012157452
363100012076311
363100012143482
363100012236898
363100012161261
363100012159704
363100012068175
363100012103542
363100012155343
363100012092187
363100012129418
363100012144218
363100012163988
363100012096072
363100012061585
363100012150654
363100012163015
363100012144018
363100012159805
363100012112738
363100012116065
363100012167175
363100012152659
363100012236747
363100012083742
363100012116483
363100012111051
363100012083235
363100012125912
363100012159190
363100012236495
363100012110050
363100012115826
363100012162434
363100012067169
363100012162785
363100012110678
363100012065289
363100012099342
363100012155726
363100012165461
363100012100984
363100012236518
363100012162218
363100012236828
363100012145731
363100012114478
363100012141111
363100012076315
363100012159861
363100012092043
363100012163351
363100012166240
363100012163134
363100012236779
363100012081813
363100012104998
363100012088427
363100012165829
363100012160906
363100012163308
363100012153769
363100012158447
363100012073244
363100012163941
363100012161118
363100012092529
363100012144871
363100012237197
363100012156674
363100012158922
363100012090605
363100012092850
363100012158266
363100012100583
363100012098119
363100012154978
363100012236414
363100012236908
363100012153885
363100012147878
363100012092460
363100012071186
363100012162746
363100012161740
363100012061932
363100012144560
363100012120207
363100012163602
363100012237145
363100012160697
363100012086255
363100012166123
363100012162680
363100012081229
363100012162745
363100012116942
363100012131962
363100012160842
363100012126289
363100012128529
363100012103109
363100012167434
363100012115372
363100012164586
363100012134850
363100012233663
363100012086162
363100012164301
363100012119695
363100012158457
363100012158494
363100012119431
363100012130939
363100012165270
363100012138528
363100012148385
363100012123364
363100012129288
363100012095424
363100012129655
363100012156361
363100012091419
363100012160542
363100012153355
363100012098788
363100012207468
363100012152785
363100012167315
363100012117292
363100012136508
363100012161470
363100012077981
363100012163229
363100012065100
363100012236859
363100012152488
363100012102210
363100012235991
363100012092069
363100012141945
363100012160805
363100012153246
363100012138408
363100012127281
363100012078883
363100012235945
363100012125675
363100012164666
363100012157781
363100012240921
363100012155461
363100012142968
363100012143844
363100012112931
363100012158445
363100012082713
363100012113883
363100012158396
363100012119476
363100012152399
363100012166605
363100012108307
363100012153491
363100012098746
363100012155814
363100012157552
363100012074434
363100012121168
363100012162061
363100012137091
363100012158506
363100012155849
363100012167255
363100012163168
363100012155802
363100012162147
363100012076934
363100012161442
363100012157351
363100012157139
363100012163714
363100012164875
363100012077141
363100012085657
363100012155841
363100012082317
363100012162618
363100012157888
363100012154106
363100012166273
363100012154144
363100012153449
363100012152458
363100012166567
363100012166049
363100012167285
363100012165921
363100012062600
363100012113049
363100012151344
363100012082866
363100012233687
363100012084417
363100012132916
363100012096339
363100012162401
363100012158056
363100012064702
363100012131774
363100012066492
363100012159515
363100012161896
363100012148284
363100012068854
363100012134909
363100012069296
363100012082967
363100012162992
363100012233541
363100012166041
363100012081252
363100012150916
363100012069405
363100012128854
363100012071313
363100012077964
363100012159556
363100012166734
363100012158801
363100012166781
363100012109756
363100012128118
363100012080698
363100012167117
363100012076003
363100012142626
363100012115643
363100012105126
363100012237092
363100012156297
363100012106338
363100012166035
363100012090909
363100012236780
363100012162562
363100012159719
363100012162104
363100012160407
363100012134455
363100012137680
363100012157288
363100012161017
363100012142792
363100012164459
363100012146867
363100012063870
363100012165218
363100012072617
363100012152332
363100012130471
363100012132922
363100012153399
363100012064067
363100012152513
363100012150652
363100012160312
363100012104489
363100012236463
363100012128826
363100012237091
363100012147651
363100012109132
363100012103498
363100012166869
363100012160499
363100012155707
363100012157523
363100012153435
363100012233616
363100012137729
363100012085521
363100012158119
363100012086263
363100012159411
363100012154321
363100012158451
363100012158287
363100012085981
363100012249011
363100012068577
363100012155442
363100012165870
363100012103112
363100012159819
363100012166438
363100012134317
363100012063634
363100012077953
363100012161585
363100012163950
363100012104094
363100012130896
363100012163801
363100012095139
363100012127122
363100012146444
363100012089473
363100012236537
363100012156350
363100012156432
363100012157205
363100012111500
363100012141263
363100012110936
363100012066772
363100012121187
363100012105423
363100012143387
363100012153557
363100012233700
363100012156851
363100012156694
363100012233635
363100012156902
363100012095993
363100012101666
363100012126256
363100012066015
363100012112619
363100012153615
363100012065496
363100012158988
363100012067830
363100012154401
363100012163072
363100012159070
363100012076711
363100012135352
363100012157026
363100012162109
363100012130799
363100012162504
363100012156438
363100012161967
363100012069390
363100012139866
363100012067377
363100012131685
363100012159926
363100012236132
363100012069880
363100012131125
363100012164653
363100012108180
363100012093572
363100012236543
363100012087904
363100012150662
363100012163710
363100012064439
363100012165967
363100012080041
363100012151904
363100012081212
363100012085023
363100012150597
363100012089122
363100012151189
363100012160503
363100012098051
363100012162941
363100012132009
363100012118266
363100012165803
363100012062439
363100012121311
363100012131195
363100012154508
363100012161456
363100012095494
363100012063437
363100012167073
363100012100764
363100012158743
363100012084891
363100012148358
363100012096090
363100012236790
363100012108704
363100012163979
363100012158188
363100012082359
363100012152777
363100012155460
363100012077304
363100012159690
363100012163007
363100012153722
363100012157373
363100012090265
363100012064850
363100012097736
363100012155992
363100012068818
363100012158915
363100012140762
363100012129453
363100012157336
363100012156410
363100012159482
363100012085283
363100012099690
363100012233520
363100012156050
363100012118823
363100012145205
363100012167309
363100012163818
363100012113766
363100012167258
363100012075022
363100012162194
363100012162705
363100012073677
363100012099494
363100012159044
363100012162999
363100012236118
363100012162715
363100012152806
363100012131616
363100012068226
363100012162343
363100012233433
363100012149387
363100012164626
363100012162038
363100012062041
363100012108627
363100012100564
363100012156003
363100012166129
363100012080724
363100012158044
363100012150156
363100012157175
363100012157546
363100012097150
363100012167108
363100012162830
363100012160368
363100012161786
363100012133755
363100012140218
363100012128936
363100012163684
363100012161405
363100012167364
363100012118715
363100012146578
363100012127997
363100012156423
363100012134906
363100012158628
363100012085773
363100012133504
363100012074646
363100012141719
363100012238733
363100012112663
363100012127016
363100012159752
363100012144433
363100012076647
363100012066568
363100012107934
363100012099818
363100012161680
363100012145496
363100012085163
363100012163961
363100012161510
363100012162202
363100012164174
363100012157927
363100012155822
363100012074958
363100012131607
363100012119622
363100012166101
363100012104049
363100012163289
363100012159641
363100012128287
363100012236396
363100012098278
363100012115498
363100012075225
363100012158142
363100012136007
363100012155743
363100012160197
363100012123576
363100012159693
363100012156092
363100012137703
363100012236920
363100012157161
363100012237180
363100012161800
363100012236933
363100012122305
363100012149960
363100012078300
363100012156557
363100012122933
363100012099868
363100012104971
363100012067672
363100012141454
363100012161306
363100012161977
363100012152647
363100012155609
363100012165583
363100012067109
363100012150190
363100012069756
363100012155489
363100012131155
363100012159925
363100012160528
363100012084692
363100012080543
363100012070139
363100012102429
363100012156010
363100012252203
363100012075569
363100012114804
363100012236409
363100012157898
363100012076951
363100012158079
363100012154390
363100012073263
363100012152886
363100012116133
363100012161961
363100012158147
363100012090717
363100012116142
363100012097939
363100012155908
363100012153705
363100012133417
363100012237003
363100012162805
363100012077301
363100012105231
363100012106099
363100012086900
363100012150770
363100012150342
363100012081511
363100012252367
363100012113494
363100012236211
363100012156571
363100012167269
363100012156841
363100012165222
363100012134217
363100012162035
363100012163974
363100012093855
363100012167048
363100012084184
363100012150793
363100012130350
363100012064737
363100012236650
363100012061554
363100012063892
363100012111283
363100012236216
363100012162547
363100012063571
363100012130351
363100012163960
363100012112876
363100012083215
363100012074602
363100012080657
363100012066366
363100012071989
363100012141563
363100012165778
363100012123374
363100012079762
363100012156193
363100012237118
363100012165680
363100012156994
363100012161115
363100012163434
363100012095928
363100012102423
363100012156309
363100012083047
363100012138313
363100012113387
363100012166874
363100012236692
363100012074427
363100012062137
363100012158291
363100012153232
363100012233515
363100012165788
363100012143313
363100012146637
363100012081284
363100012086614
363100012113407
363100012082604
363100012104120
363100012100263
363100012237131
363100012164093
363100012159776
363100012152838
363100012158681
363100012107451
363100012152387
363100012233600
363100012148828
363100012165852
363100012153346
363100012153014
363100012087390
363100012082357
363100012237071
363100012110471
363100012158270
363100012188997
363100012083116
363100012162832
363100012166771
363100012140651
363100012149314
363100012138034
363100012162533
363100012153168
363100012061957
363100012120422
363100012159644
363100012132776
363100012162471
363100012159162
363100012137574
363100012108500
363100012123832
363100012163811
363100012154250
363100012099319
363100012157579
363100012151609
363100012135568
363100012084176
363100012152654
363100012236817
363100012158441
363100012098987
363100012142954
363100012100845
363100012111119
363100012157854
363100012067087
363100012162751
363100012236723
363100012167390
363100012064586
363100012140325
363100012158716
363100012140042
363100012080019
363100012161932
363100012119140
363100012153599
363100012138025
363100012137541
363100012163612
363100012122683
363100012160076
363100012167374
363100012166194
363100012136043
363100012160402
363100012107227
363100012104815
363100012154433
363100012099880
363100012166535
363100012158225
363100012165279
363100012163078
363100012164535
363100012235943
363100012158221
363100012237798
363100012136670
363100012160522
363100012159007
363100012164770
363100012075307
363100012165460
363100012167297
363100012082085
363100012155852
363100012161136
363100012233660
363100012163824
363100012162537
363100012157212
363100012237078
363100012130814
363100012162571
363100012163266
363100012150791
363100012237165
363100012075010
363100012162241
363100012162379
363100012113058
363100012110776
363100012097579
363100012092591
363100012103304
363100012155589
363100012126562
363100012166363
363100012103000
363100012088714
363100012161897
363100012153571
363100012114485
363100012163776
363100012236557
363100012166002
363100012153194
363100012071838
363100012132914
363100012165136
363100012115872
363100012123083
363100012156505
363100012074695
363100012236452
363100012078664
363100012095877
363100012065985
363100012163156
363100012156225
363100012138376
363100012162980
363100012157319
363100012233592
363100012131359
363100012156783
363100012165636
363100012160474
363100012099352
363100012127642
363100012164235
363100012156819
363100012236629
363100012202180
363100012236319
363100012158080
363100012164332
363100012159758
363100012096318
363100012163019
363100012137589
363100012162549
363100012160764
363100012236857
363100012156001
363100012163764
363100012144048
363100012128110
363100012143669
363100012064515
363100012074986
363100012166104
363100012237284
363100012090253
363100012157197
363100012074117
363100012166971
363100012161093
363100012237359
363100012077909
363100012157842
363100012075029
363100012148307
363100012233474
363100012125816
363100012164600
363100012159064
363100012166477
363100012096994
363100012153687
363100012236387
363100012159188
363100012194412
363100012165535
363100012167171
363100012083969
363100012146478
363100012166514
363100012157322
363100012119961
363100012072829
363100012161721
363100012163891
363100012166297
363100012073896
363100012128539
363100012158900
363100012144940
363100012085646
363100012122459
363100012236408
363100012237001
363100012093190
363100012154427
363100012164106
363100012158417
363100012165981
363100012143113
363100012083697
363100012103998
363100012083231
363100012114829
363100012114358
363100012164903
363100012152901
363100012162333
363100012160287
363100012233607
363100012162028
363100012166451
363100012120746
363100012167014
363100012136512
363100012107664
363100012100323
363100012075562
363100012133212
363100012083275
363100012155338
363100012123695
363100012156408
363100012148918
363100012157115
363100012166061
363100012155420
363100012143374
363100012132514
363100012157183
363100012095271
363100012233512
363100012152704
363100012162327
363100012166175
363100012134704
363100012157956
363100012160869
363100012146889
363100012127292
363100012078611
363100012133439
363100012144582
363100012074298
363100012160590
363100012163048
363100012118719
363100012156089
363100012163051
363100012157578
363100012109121
363100012111422
363100012249797
363100012160374
363100012062469
363100012100059
363100012160398
363100012158006
363100012156029
363100012062723
363100012096227
363100012084774
363100012159087
363100012165940
363100012236394
363100012160903
363100012083486
363100012167210
363100012166407
363100012162348
363100012162076
363100012152364
363100012136498
363100012125139
363100012236350
363100012165571
363100012111031
363100012089753
363100012083021
363100012114835
363100012157567
363100012127314
363100012159855
363100012159410
363100012084312
363100012151074
363100012159866
363100012159622
363100012139245
363100012156129
363100012165605
363100012085547
363100012107093
363100012131198
363100012141748
363100012061393
363100012158874
363100012079221
363100012135111
363100012166675
363100012085323
363100012158459
363100012068612
363100012236588
363100012068069
363100012095938
363100012162364
363100012148459
363100012071443
363100012164383
363100012096536
363100012157896
363100012119721
363100012163812
363100012165394
363100012092748
363100012129611
363100012166799
363100012166319
363100012152801
363100012243272
363100012102261
363100012078431
363100012163475
363100012162987
363100012236633
363100012149156
363100012165800
363100012095971
363100012140811
363100012165191
363100012073570
363100012164582
363100012089381
363100012145985
363100012115611
363100012158407
363100012166940
363100012236752
363100012160706
363100012161761
363100012165382
363100012141060
363100012159683
363100012072825
363100012132188
363100012084109
363100012162298
363100012137859
363100012098279
363100012164082
363100012236513
363100012069318
363100012124112
363100012115983
363100012160051
363100012165243
363100012078414
363100012160777
363100012111393
363100012233483
363100012067926
363100012101590
363100012157470
363100012093626
363100012112193
363100012080343
363100012141634
363100012237058
363100012098946
363100012158855
363100012161999
363100012163404
363100012236829
363100012156598
363100012142785
363100012236326
363100012153372
363100012158123
363100012097694
363100012127681
363100012143607
363100012068843
363100012090832
363100012096566
363100012079385
363100012149717
363100012236830
363100012133185
363100012167220
363100012115167
363100012151758
363100012090755
363100012067432
363100012089723
363100012162524
363100012164769
363100012079601
363100012114128
363100012162183
363100012160658
363100012142429
363100012165182
363100012076842
363100012125851
363100012062117
363100012159213
363100012138303
363100012139912
363100012165284
363100012164464
363100012124381
363100012237194
363100012074499
363100012063859
363100012167344
363100012110517
363100012114550
363100012110729
363100012066355
363100012167074
363100012122685
363100012157901
363100012163561
363100012072869
363100012150425
363100012085399
363100012095350
363100012118233
363100012152366
363100012083256
363100012150487
363100012096753
363100012159053
363100012152873
363100012165308
363100012162842
363100012160486
363100012161058
363100012106110
363100012063697
363100012087922
363100012142679
363100012112991
363100012146229
363100012155763
363100012126276
363100012137881
363100012112082
363100012160584
363100012095943
363100012236030
363100012152731
363100012164706
363100012117639
363100012114849
363100012106093
363100012163631
363100012153034
363100012163021
363100012132241
363100012156946
363100012080891
363100012126661
363100012095887
363100012153641
363100012136469
363100012163743
363100012235906
363100012106821
363100012104777
363100012154185
363100012113853
363100012128121
363100012237169
363100012164133
363100012073674
363100012129230
363100012111494
363100012135530
363100012166692
363100012159713
363100012140460
363100012101268
363100012152549
363100012149741
363100012095852
363100012158759
363100012103310
363100012147139
363100012167286
363100012140916
363100012155682
363100012104990
363100012157611
363100012165912
363100012163538
363100012165449
363100012160715
363100012167189
363100012069523
363100012235957
363100012140896
363100012154236
363100012087698
363100012163522
363100012116413
363100012157561
363100012113128
363100012164926
363100012164334
363100012139985
363100012146182
363100012233632
363100012155769
363100012128585
363100012160687
363100012117077
363100012165256
363100012143104
363100012080102
363100012127834
363100012093810
363100012143302
363100012072525
363100012132881
363100012081383
363100012158127
363100012113404
363100012158074
363100012137236
363100012073944
363100012084272
363100012156067
363100012063423
363100012161370
363100012159284
363100012165458
363100012164766
363100012099835
363100012161129
363100012152670
363100012101075
363100012166601
363100012117346
363100012158776
363100012125895
363100012097566
363100012163947
363100012093316
363100012151802
363100012157222
363100012164382
363100012154491
363100012110807
363100012077270
363100012233410
363100012163576
363100012130951
363100012103206
363100012127647
363100012237020
363100012073824
363100012112288
363100012145884
363100012156601
363100012236395
363100012162140
363100012233685
363100012166729
363100012152354
363100012113009
363100012103798
363100012115560
363100012113324
363100012121510
363100012092095
363100012075507
363100012237263
363100012160466
363100012161714
363100012236324
363100012119632
363100012081805
363100012159100
363100012236366
363100012078914
363100012166374
363100012162953
363100012155673
363100012159754
363100012165340
363100012152800
363100012117215
363100012153136
363100012063457
363100012162204
363100012163890
363100012080403
363100012079501
363100012165545
363100012160401
363100012237273
363100012102466
363100012151911
363100012153395
363100012125491
363100012146458
363100012163043
363100012108702
363100012130222
363100012138177
363100012138964
363100012164537
363100012110604
363100012165529
363100012078844
363100012066764
363100012092741
363100012145637
363100012158440
363100012158143
363100012164227
363100012157895
363100012159093
363100012115102
363100012093606
363100012235907
363100012129935
363100012111327
363100012167067
363100012139258
363100012236931
363100012077800
363100012098276
363100012083955
363100012158460
363100012166265
363100012126935
363100012064201
363100012154123
363100012156947
363100012153453
363100012166925
363100012068027
363100012157557
363100012159942
363100012163807
363100012113557
363100012149574
363100012121867
363100012236912
363100012164497
363100012152386
363100012167266
363100012155690
363100012123546
363100012135158
363100012162531
363100012130592
363100012157993
363100012153067
363100012089011
363100012161354
363100012106639
363100012075721
363100012165297
363100012118152
363100012087509
363100012159118
363100012154627
363100012161749
363100012082996
363100012146295
363100012094389
363100012164850
363100012147294
363100012124846
363100012236832
363100012100383
363100012062071
363100012097500
363100012235946
363100012126512
363100012124961
363100012069207
363100012160238
363100012141709
363100012140973
363100012138475
363100012236226
363100012120320
363100012236809
363100012158046
363100012162507
363100012091261
363100012094739
363100012163860
363100012164163
363100012236049
363100012236257
363100012152576
363100012079140
363100012161329
363100012148412
363100012157900
363100012070261
363100012143974
363100012103065
363100012164434
363100012121708
363100012152749
363100012160267
363100012141851
363100012163455
363100012161157
363100012113892
363100012160477
363100012156548
363100012068876
363100012094891
363100012158816
363100012163904
363100012236054
363100012155556
363100012079789
363100012133723
363100012153366
363100012148099
363100012152994
363100012160372
363100012162409
363100012066781
363100012160154
363100012071197
363100012109662
363100012105082
363100012236871
363100012116633
363100012165727
363100012070353
363100012120514
363100012159698
363100012152686
363100012067307
363100012095610
363100012069793
363100012117195
363100012085670
363100012096025
363100012134381
363100012157974
363100012157460
363100012096108
363100012108291
363100012154663
363100012164103
363100012166751
363100012144376
363100012134535
363100012166370
363100012161937
363100012131324
363100012065643
363100012063059
363100012153754
363100012130496
363100012142467
363100012078062
363100012074514
363100012067987
363100012163044
363100012164780
363100012152286
363100012090966
363100012069499
363100012087057
363100012163443
363100012090796
363100012094842
363100012153681
363100012252735
363100012119870
363100012166211
363100012124907
363100012165472
363100012092498
363100012157562
363100012114331
363100012083265
363100012110935
363100012150755
363100012111631