344100000068617
344100000062014
344100000022803
344100000060716
344100000068060
344100000070556
344100000000374
344100000042729
344100000065441
344100000050047
344100000006632
344100000035648
344100000027881
344100000064169
344100000094349
344100000029190
344100000051673
344100000045379
344100000049637
344100000065850
344100000010585
344100000019503
344100000042728
344100000024100
344100000010977
344100000050818
344100000028743
344100000024615
344100000067204
344100000026135
344100000041992
344100000079390
344100000014860
344100000003835
344100000004056
344100000011003
344100000048919
344100000016840
344100000006778
344100000048678
344100000050181
344100000031427
344100000015037
344100000064828
344100000052309
344100000031616
344100000062863
344100000013159
344100000006991
344100000045847
344100000028624
344100000068569
344100000001555
344100000019577
344100000063812
344100000003972
344100000068373
344100000024920
344100000024125
344100000021349
344100000000231
344100000060087
344100000061293
344100000047023
344100000055007
344100000049842
344100000010719
344100000137829
344100000053257
344100000062578
344100000045031
344100000039198
344100000018790
344100000055264
344100000024233
344100000002516
344100000006704
344100000013339
344100000018770
344100000031007
344100000044591
344100000046201
344100000063952
344100000010171
344100000058567
344100000004743
344100000049313
344100000034349
344100000070309
344100000050261
344100000024400
344100000027861
344100000075101
344100000015412
344100000041196
344100000077667
344100000084891
344100000076252
344100000042105
344100000002169
344100000057363
344100000005838
344100000022314
344100000075693
344100000048375
344100000079299
344100000001737
344100000026572
344100000018802
344100000029121
344100000063036
344100000011348
344100000017257
344100000029825
344100000026864
344100000136468
344100000014956
344100000045732
344100000052977
344100000053142
344100000038651
344100000082300
344100000037761
344100000058722
344100000062492
344100000025518
344100000071270
344100000023144
344100000079839
344100000053192
344100000019232
344100000004276
344100000062806
344100000036717
344100000060458
344100000027487
344100000052232
344100000006487
344100000010735
344100000073837
344100000011709
344100000027653
344100000054225
344100000072461
344100000040973
344100000068015
344100000046462
344100000011386
344100000039253
344100000073383
344100000033207
344100000060737
344100000051090
344100000045520
344100000000166
344100000015963
344100000068759
344100000020355
344100000133016
344100000019642
344100000054736
344100000080505
344100000042485
344100000042721
344100000064719
344100000021877
344100000080957
344100000053158
344100000060147
344100000082375
344100000045374
344100000042371
344100000013615
344100000069520
344100000047548
344100000012261
344100000019964
344100000013750
344100000057136
344100000069988
344100000043132
344100000067551
344100000079828
344100000076509
344100000032929
344100000000754
344100000019276
344100000029962
344100000042167
344100000040801
344100000072715
344100000032962
344100000004143
344100000060271
344100000041220
344100000009136
344100000016633
344100000035618
344100000017113
344100000021077
344100000018805
344100000002196
344100000025185
344100000081929
344100000054595
344100000038254
344100000067839
344100000024857
344100000037899
344100000062862
344100000067332
344100000045042
344100000011486
344100000010242
344100000064991
344100000080765
344100000042084
344100000035399
344100000017767
344100000017046
344100000057864
344100000008957
344100000006154
344100000002648
344100000073777
344100000051569
344100000049640
344100000067393
344100000000403
344100000060216
344100000045083
344100000081728
344100000016208
344100000057812
344100000076363
344100000065095
344100000043549
344100000067521
344100000070078
344100000005227
344100000012316
344100000020979
344100000040745
344100000031022
344100000065125
344100000038194
344100000007361
344100000077236
344100000042598
344100000033464
344100000080746
344100000009851
344100000059564
344100000019118
344100000023624
344100000022990
344100000133008
344100000025332
344100000034185
344100000044568
344100000009714
344100000056329
344100000052696
344100000077683
344100000005293
344100000065301
344100000025465
344100000040626
344100000006255
344100000005228
344100000081778
344100000061660
344100000023895
344100000056790
344100000011905
344100000013199
344100000025738
344100000042745
344100000050112
344100000059775
344100000061337
344100000077408
344100000082210
344100000067498
344100000015796
344100000039740
344100000033748
344100000026188
344100000026822
344100000051994
344100000011099
344100000035852
344100000058370
344100000044965
344100000007339
344100000075492
344100000000074
344100000068070
344100000020649
344100000079039
344100000009687
344100000133005
344100000043008
344100000058105
344100000077810
344100000001679
344100000000165
344100000060960
344100000018465
344100000024493
344100000046457
344100000035502
344100000058020
344100000013995
344100000051305
344100000030100
344100000031227
344100000013293
344100000028921
344100000032793
344100000053169
344100000070136
344100000002809
344100000055276
344100000048699
344100000009941
344100000050234
344100000066198
344100000003724
344100000045947
344100000008695
344100000071475
344100000041932
344100000010004
344100000020895
344100000071864
344100000027743
344100000010500
344100000059416
344100000078621
344100000002513
344100000039799
344100000004631
344100000081970
344100000071870
344100000041779
344100000054116
344100000010026
344100000000930
344100000075712
344100000076557
344100000053699
344100000019884
344100000030128
344100000062926
344100000011485
344100000074655
344100000006849
344100000064023
344100000001137
344100000042250
344100000039113
344100000060333
344100000046977
344100000021819
344100000048220
344100000055516
344100000005324
344100000038988
344100000018225
344100000078572
344100000012146
344100000024994
344100000012448
344100000037882
344100000069066
344100000032740
344100000062244
344100000046716
344100000034978
344100000080919
344100000002757
344100000001556
344100000053988
344100000062424
344100000042397
344100000064545
344100000022493
344100000070732
344100000012260
344100000015964
344100000042722
344100000009353
344100000029540
344100000040489
344100000073787
344100000019045
344100000068372
344100000018224
344100000038226
344100000035426
344100000035331
344100000075078
344100000067424
344100000078431
344100000001635
344100000075408
344100000032394
344100000031696
344100000068398
344100000060727
344100000018321
344100000068228
344100000011442
344100000029229
344100000040870
344100000035807
344100000011046
344100000061989
344100000070049
344100000013970
344100000013910
344100000062399
344100000047854
344100000136467
344100000018783
344100000031238
344100000055606
344100000012058
344100000001751
344100000029189
344100000057971
344100000046331
344100000058062
344100000059908
344100000009288
344100000027828
344100000021271
344100000078322
344100000028235
344100000077171
344100000064852
344100000136471
344100000004389
344100000040059
344100000009201
344100000028068
344100000076616
344100000071464
344100000042936
344100000030403
344100000042783
344100000009001
344100000019702
344100000040552
344100000081660
344100000018910
344100000019834
344100000001881
344100000042744
344100000078132
344100000026189
344100000065448
344100000062989
344100000080018
344100000041016
344100000146886
344100000028900
344100000035257
344100000037068
344100000067797
344100000031694
344100000017167
344100000081762
344100000082204
344100000015545
344100000048752
344100000026736
344100000009637
344100000038472
344100000063169
344100000074427
344100000076614
344100000046555
344100000040603
344100000075834
344100000014134
344100000075409
344100000023913
344100000060192
344100000055607
344100000074743
344100000047853
344100000055975
344100000029113
344100000059551
344100000045041
344100000074308
344100000002699
344100000046490
344100000024800
344100000062594
344100000029217
344100000071223
344100000052812
344100000034721
344100000030081
344100000147914
344100000146882
344100000069521
344100000066991
344100000000211
344100000071619
344100000057315
344100000080845
344100000046068
344100000063857
344100000040910
344100000034068
344100000133996
344100000133024
344100000010586
344100000080577
344100000023925
344100000075306
344100000058136
344100000023636
344100000020401
344100000151255
344100000070962
344100000071095
344100000035317
344100000063860
344100000043812
344100000048219
344100000035542
344100000014707
344100000049379
344100000060793
344100000007015
344100000021643
344100000022258
344100000012407
344100000007399
344100000037254
344100000031196
344100000050275
344100000057514
344100000050223
344100000028787
344100000073663
344100000013466
344100000065449
344100000010958
344100000048434
344100000062860
344100000057972
344100000065319
344100000058790
344100000011947
344100000136464
344100000021756
344100000041600
344100000076352
344100000055161
344100000064829
344100000146874
344100000061495
344100000027131
344100000025187
344100000076785
344100000069698
344100000008620
344100000002633
344100000025026
344100000040971
344100000005848
344100000045731
344100000078860
344100000070963
344100000020507
344100000011806
344100000041939
344100000006606
344100000146875
344100000065088
344100000034159
344100000024495
344100000019140
344100000008961
344100000077143
344100000016035
344100000025108
344100000045478
344100000037369
344100000047971
344100000065219
344100000020176
344100000044559
344100000056258
344100000057843
344100000056247
344100000077600
344100000028776
344100000047143
344100000064151
344100000033163
344100000071465
344100000000320
344100000065666
344100000034592
344100000055674
344100000035476
344100000031319
344100000068613
344100000068328
344100000009688
344100000005658
344100000026450
344100000020144
344100000031226
344100000016923
344100000046141
344100000002376
344100000082787
344100000026870
344100000005053
344100000006760
344100000055774
344100000056993
344100000031079
344100000023280
344100000047022
344100000060236
344100000083846
344100000055120
344100000046263
344100000047592
344100000033854
344100000048078
344100000018784
344100000074642
344100000084015
344100000080215
344100000149458
344100000004258
344100000092761
344100000044756
344100000060290
344100000040680
344100000036646
344100000031771
344100000009432
344100000064329
344100000038205
344100000079257
344100000030331
344100000046471
344100000049835
344100000060233
344100000043205
344100000066646
344100000049526
344100000037368
344100000002180
344100000039261
344100000010766
344100000061096
344100000020947
344100000133023
344100000064624
344100000063312
344100000041394
344100000022119
344100000046058
344100000024530
344100000075229
344100000136637
344100000075496
344100000071934
344100000063959
344100000063052
344100000043565
344100000017664
344100000066626
344100000072714
344100000051197
344100000050161
344100000068163
344100000016370
344100000076045
344100000026649
344100000074217
344100000030323
344100000068227
344100000024269
344100000002057
344100000069071
344100000008198
344100000045674
344100000049815
344100000000715
344100000043566
344100000005484
344100000016448
344100000030410
344100000028741
344100000076998
344100000009173
344100000027360
344100000069161
344100000010718
344100000061055
344100000045235
344100000024706
344100000045095
344100000052281
344100000050576
344100000004775
344100000064175
344100000133007
344100000076731
344100000059591
344100000052806
344100000011662
344100000053872
344100000004969
344100000023201
344100000069282
344100000080696
344100000053173
344100000066334
344100000046478
344100000015153
344100000057284
344100000065519
344100000002646
344100000021818
344100000035795
344100000028812
344100000039488
344100000041910
344100000055858
344100000005051
344100000016252
344100000032510
344100000030510
344100000045728
344100000079873
344100000015769
344100000065930
344100000061158
344100000079471
344100000059634
344100000025453
344100000037099
344100000075788
344100000019141
344100000058764
344100000079788
344100000048749
344100000077786
344100000032973
344100000075100
344100000022018
344100000006280
344100000007352
344100000011114
344100000082076
344100000046067
344100000034545
344100000002839
344100000076782
344100000072276
344100000042056
344100000038164
344100000059210
344100000052465
344100000034129
344100000032480
344100000045015
344100000052602
344100000044391
344100000064767
344100000040712
344100000020989
344100000048630
344100000076641
344100000044745
344100000005196
344100000007433
344100000054769
344100000073833
344100000033284
344100000076968
344100000027146
344100000050186
344100000011182
344100000071919
344100000078448
344100000017169
344100000047648
344100000059767
344100000006425
344100000024713
344100000082359
344100000037720
344100000011227
344100000057623
344100000018848
344100000009280
344100000066197
344100000146884
344100000011183
344100000136466
344100000032724
344100000014643
344100000041195
344100000079035
344100000052745
344100000052088
344100000079427
344100000059763
344100000055932
344100000040236
344100000049869
344100000048006
344100000137633
344100000028396
344100000042704
344100000006273
344100000073879
344100000048496
344100000056952
344100000033487
344100000021301
344100000075354
344100000036055
344100000064750
344100000129258
344100000056803
344100000060794
344100000000571
344100000069902
344100000058791
344100000136465
344100000065109
344100000002556
344100000054444
344100000003611
344100000050160
344100000010206
344100000018363
344100000075213
344100000039352
344100000027716
344100000041323
344100000037098
344100000070830
344100000030419
344100000057975
344100000036534
344100000051999
344100000076425
344100000009281
344100000029826
344100000006167
344100000036794
344100000023306
344100000062823
344100000037997
344100000069054
344100000076071
344100000034589
344100000042117
344100000021803
344100000053413
344100000010763
344100000029118
344100000027456
344100000046648
344100000075345
344100000076798
344100000030142
344100000062283
344100000054193
344100000001769
344100000064550
344100000059266
344100000060118
344100000074577
344100000082971
344100000063008
344100000011080
344100000004984
344100000014225
344100000082069
344100000076860
344100000060688
344100000039535
344100000042197
344100000058184
344100000068918
344100000067071
344100000050658
344100000059017
344100000057904
344100000014052
344100000018468
344100000049329
344100000067146
344100000035591
344100000052464
344100000058765
344100000015507
344100000023716
344100000051674
344100000011910
344100000034796
344100000039431
344100000030823
344100000051255
344100000061136
344100000075346
344100000033390
344100000070026
344100000029629
344100000035946
344100000011434
344100000046090
344100000055499
344100000000619
344100000067236
344100000063000
344100000035338
344100000005837
344100000072139
344100000020105
344100000013094
344100000012079
344100000047074
344100000068199
344100000029253
344100000038227
344100000049383
344100000052622
344100000021272
344100000051094
344100000028409
344100000037795
344100000027053
344100000057308
344100000007383
344100000052519
344100000053299
344100000073548
344100000013963
344100000005019
344100000027145
344100000066113
344100000003405
344100000045546
344100000048177
344100000044805
344100000053921
344100000008263
344100000048427
344100000044383
344100000004241
344100000035647
344100000010640
344100000069600
344100000076833
344100000053879
344100000076370
344100000007554
344100000021666
344100000133012
344100000046262
344100000062491
344100000053191
344100000028471
344100000047833
344100000080519
344100000000053
344100000045267
344100000050619
344100000060990
344100000056951
344100000044405
344100000056317
344100000078423
344100000043758
344100000017608
344100000025081
344100000062321
344100000035501
344100000071678
344100000133017
344100000000811
344100000048750
344100000133015
344100000000578
344100000064225
344100000045479
344100000018585
344100000074374
344100000054482
344100000043571
344100000056039
344100000004872
344100000032421
344100000080269
344100000016580
344100000027419
344100000034518
344100000010657
344100000014405
344100000066766
344100000036784
344100000064714
344100000068879
344100000023635
344100000045261
344100000051203
344100000068979
344100000032942
344100000082306
344100000052117
344100000054841
344100000007110
344100000017953
344100000075206
344100000050577
344100000077219
344100000017045
344100000019079
344100000072661
344100000079789
344100000015141
344100000038650
344100000024368
344100000081701
344100000027273
344100000029256
344100000084269
344100000078573
344100000059921
344100000009873
344100000047189
344100000042310
344100000017606
344100000063737
344100000046470
344100000073082
344100000056799
344100000046197
344100000034775
344100000045313
344100000024811
344100000006296
344100000080806
344100000047989
344100000053458
344100000012057
344100000019225
344100000006156
344100000068083
344100000024600
344100000023480
344100000042329
344100000037672
344100000074216
344100000066256
344100000073553
344100000009191
344100000050006
344100000002077
344100000041219
344100000046412
344100000038703
344100000065742
344100000007823
344100000016781
344100000039393
344100000052427
344100000076316
344100000022256
344100000009900
344100000008765
344100000041324
344100000029992
344100000014508
344100000028625
344100000016013
344100000057577
344100000048753
344100000044242
344100000053117
344100000025262
344100000083823
344100000024065
344100000043347
344100000003787
344100000077809
344100000051532
344100000029212
344100000042444
344100000005952
344100000007406
344100000062056
344100000056482
344100000079038
344100000048700
344100000023751
344100000065521
344100000079882
344100000043333
344100000081573
344100000067720
344100000006896
344100000080138
344100000047931
344100000061302
344100000010205
344100000061988
344100000005322
344100000055337
344100000068708
344100000058063
344100000016936
344100000040581
344100000001945
344100000011378
344100000061501
344100000006201
344100000056924
344100000058356
344100000010460
344100000064022
344100000079287
344100000065664
344100000055392
344100000002838
344100000011064
344100000058933
344100000055016
344100000027614
344100000058899
344100000059066
344100000066437
344100000146885
344100000080097
344100000053929
344100000053565
344100000030735
344100000036199
344100000000844
344100000030627
344100000014243
344100000044917
344100000008194
344100000038238
344100000011448
344100000060235
344100000043082
344100000047915
344100000047699
344100000031653
344100000009618
344100000060861
344100000001557
344100000016637
344100000070840
344100000011031
344100000029326
344100000020030
344100000060982
344100000029961
344100000042285
344100000068774
344100000060567
344100000038471
344100000070025
344100000024182
344100000074009
344100000075373
344100000055671
344100000057385
344100000051257
344100000069053
344100000082260
344100000072817
344100000075205
344100000049898
344100000048572
344100000078312
344100000040972
344100000024958
344100000051172
344100000044241
344100000133014
344100000045673
344100000064264
344100000058700
344100000077684
344100000030576
344100000076432
344100000002016
344100000056468
344100000008438
344100000017721
344100000030149
344100000043208
344100000023893
344100000036054
344100000022856
344100000042006
344100000019578
344100000055414
344100000036240
344100000057718
344100000006951
344100000039385
344100000002947
344100000044498
344100000076615
344100000016647
344100000016581
344100000079496
344100000000905
344100000052631
344100000036740
344100000029211
344100000005586
344100000043732
344100000050046
344100000014694
344100000017466
344100000032829
344100000044664
344100000080232
344100000080287
344100000037451
344100000028530
344100000051134
344100000023517
344100000063744
344100000062203
344100000061292
344100000066150
344100000029332
344100000044294
344100000070522
344100000080718
344100000060480
344100000005654
344100000020235
344100000048986
344100000056881
344100000025331
344100000042393
344100000019236
344100000038007
344100000044607
344100000011973
344100000042286
344100000067331
344100000133010
344100000146883
344100000050079
344100000068067
344100000034607
344100000025966
344100000053143
344100000045512
344100000016394
344100000001650
344100000070644
344100000018819
344100000061429
344100000040237
344100000064938
344100000044382
344100000032609
344100000059886
344100000036484
344100000027558
344100000078865
344100000044779
344100000077621
344100000059246
344100000017470
344100000017400
344100000137828
344100000071172
344100000042141
344100000061713
344100000029985
344100000052934
344100000077184
344100000052813
344100000038743
344100000031279
344100000041547
344100000016924
344100000079452
344100000016635
344100000078188
344100000078274
344100000111095
344100000028450
344100000041017
344100000082307
344100000081429
344100000062701
344100000133021
344100000009547
344100000039849
344100000062142
344100000015541
344100000032905
344100000075452
344100000037138
344100000146880
344100000055702
344100000020863
344100000074856
344100000052332
344100000047930
344100000051871
344100000012066
344100000021592
344100000133022
344100000053999
344100000060010
344100000068998
344100000043135
344100000045685
344100000070110
344100000014879
344100000037842
344100000008173
344100000056403
344100000024677
344100000062884
344100000030416
344100000035435
344100000063877
344100000003916
344100000031488
344100000070044
344100000071082
344100000058174
344100000008130
344100000040161
344100000008625
344100000030420
344100000056405
344100000060102
344100000069263
344100000077546
344100000008282
344100000055239
344100000147112
344100000076834
344100000030990
344100000043278
344100000046556
344100000065531
344100000049250
344100000077659
344100000039233
344100000004794
344100000081417
344100000023211
344100000064031
344100000077347
344100000136469
344100000057523
344100000082176
344100000030909
344100000077182
344100000031076
344100000016293
344100000062807
344100000023728
344100000030049
344100000013513
344100000061940
344100000007816
344100000028608
344100000084265
344100000073155
344100000057169
344100000060645
344100000025631
344100000020004
344100000042274
344100000063315
344100000026416
344100000027577
344100000055263
344100000049623
344100000012728
344100000075787
344100000058810
344100000144202
344100000054494
344100000016852
344100000031813
344100000026130
344100000020506
344100000025971
344100000016625
344100000070065
344100000078504
344100000001152
344100000044471
344100000037085
344100000005898
344100000045126
344100000031630
344100000051240
344100000028582
344100000017210
344100000078851
344100000068713
344100000069887
344100000077356
344100000025822
344100000043939
344100000022953
344100000014656
344100000078852
344100000024413
344100000007340
344100000074084
344100000001053
344100000024202
344100000055525
344100000027220
344100000078095
344100000003841
344100000037642
344100000030321
344100000067006
344100000078505
344100000023344
344100000054430
344100000050107
344100000001519
344100000007360
344100000039831
344100000040970
344100000021941
344100000063316
344100000043489
344100000081393
344100000080799
344100000054139
344100000006063
344100000058369
344100000065849
344100000027907
344100000030656
344100000064032
344100000055552
344100000039578
344100000061052
344100000048486
344100000074398
344100000030954
344100000062148
344100000066194
344100000013699
344100000073686
344100000079253
344100000063745
344100000036647
344100000080506
344100000056063
344100000033712
344100000137181
344100000048596
344100000007833
344100000051872
344100000056188
344100000054113
344100000073289
344100000008626
344100000077380
344100000016345
344100000014132
344100000066962
344100000022489
344100000023316
344100000061581
344100000079423
344100000055049
344100000050526
344100000053298
344100000133004
344100000046308
344100000025018
344100000050313
344100000028071
344100000003451
344100000055225
344100000076688
344100000053878
344100000019029
344100000047692
344100000055427
344100000023903
344100000080403
344100000060754
344100000074929
344100000133006
344100000080162
344100000067633
344100000061482
344100000023894
344100000133997
344100000057622
344100000133009
344100000005644
344100000066815
344100000073252
344100000081680
344100000028920
344100000079397
344100000030708
344100000018320
344100000052878
344100000080323
344100000011772
344100000074826
344100000050458
344100000057400
344100000061296
344100000057408
344100000027036
344100000034093
344100000051093
344100000005900
344100000057324
344100000071980
344100000036016
344100000076155
344100000031697
344100000052891
344100000010842
344100000060717
344100000039087
344100000009887
344100000075079
344100000074288
344100000000490
344100000074908
344100000058003
344100000055849
344100000063917
344100000071480
344100000015559
344100000001059
344100000027347
344100000070838
344100000030985
344100000045084
344100000010639
344100000017980
344100000023870
344100000034150
344100000027354
344100000019021
344100000077409
344100000025025
344100000070827
344100000065010
344100000053677
344100000033709
344100000034235
344100000045344
344100000014006
344100000014682
344100000037255
344100000015500
344100000033814
344100000017474
344100000027451
344100000020817
344100000067108
344100000055670
344100000148233
344100000017796
344100000032255
344100000002555
344100000055413
344100000053763
344100000004427
344100000052140
344100000062398
344100000013931
344100000015349
344100000049858
344100000133019
344100000045378
344100000006107
344100000059565
344100000025963
344100000071956
344100000033749
344100000034904
344100000096634
344100000052310
344100000032580
344100000020864
344100000070191
344100000041651
344100000026818
344100000080389
344100000034696
344100000028142
344100000026136
344100000005219
344100000049811
344100000041454
344100000016010
344100000026131
344100000019553
344100000043890
344100000005617
344100000009852
344100000060101
344100000078551
344100000021370
344100000046444
344100000012584
344100000022635
344100000003682
344100000050187
344100000042372
344100000002377
344100000069915
344100000028871
344100000019623
344100000073976
344100000078055
344100000077381
344100000072398
344100000016393
344100000030750
344100000018015
344100000035417
344100000065442
344100000001407
344100000037588
344100000071904
344100000053268
344100000062482
344100000034023
344100000071941
344100000053392
344100000067041
344100000008808
344100000007414
344100000077825
344100000071025
344100000003613
344100000021474
344100000038389
344100000029572
344100000031104
344100000004583
344100000065956
344100000081618
344100000006536
344100000065399
344100000047188
344100000081277
344100000024776
344100000057807
344100000004579
344100000037553
344100000053170
344100000023054
344100000066201
344100000038361
344100000030041
344100000081266
344100000000014
344100000004259
344100000063916
344100000017170
344100000077978
344100000013326
344100000015749
344100000006534
344100000133018
344100000042486
344100000007617
344100000061990
344100000036916
344100000023843
344100000059113
344100000049210
344100000136929
344100000011049
344100000022531
344100000056640
344100000058472
344100000081183
344100000080297
344100000043456
344100000014266
344100000043986
344100000084462
344100000061359
344100000014273
344100000133003
344100000024919
344100000059762
344100000004017
344100000075325
344100000074103
344100000078599
344100000050005
344100000039512
344100000051284
344100000038731
344100000073591
344100000074610
344100000003612
344100000025469
344100000060569
344100000016173
344100000059858
344100000031525
344100000057690
344100000013616
344100000004741
344100000028665
344100000008239
344100000019465
344100000136463
344100000141866
344100000074434
344100000061291
344100000081043
344100000020447
344100000073036
344100000050106
344100000000319
344100000027860
344100000081820
344100000056406
344100000072660
344100000073832
344100000050404
344100000060460
344100000069760
344100000060003
344100000029720
344100000052648
344100000054110
344100000015509
344100000076323
344100000005018
344100000078616
344100000021081
344100000066009
344100000013751
344100000046343
344100000050644
344100000024916
344100000015750
344100000075833
344100000056734
344100000020043
344100000057582
344100000029904
344100000005762
344100000063088
344100000061056
344100000079085
344100000005906
344100000034162
344100000033916
344100000006752
344100000002496
344100000043632
344100000053020
344100000073956
344100000033918
344100000011051
344100000035541
344100000061846
344100000023819
344100000007603
344100000016539
344100000032792
344100000011278
344100000035484